8.028524,-0.96424747,6.815477,1.7470081,2.055903,0.107529715,0.89389116,0.84908843,-0.5595065,-0.24871343
9.241776,0.77853304,5.824203,0.9710078,2.566483,1.6568853,0.16996895,0.8006025,-0.3016173,-0.14746915
9.16067,0.7198251,4.573034,1.9779162,1.7599533,0.72856003,0.7579343,0.5955287,-0.81473154,-0.0008367346
10.332226,1.83306,3.0271895,2.618751,1.5926603,0.90832984,0.39430654,0.46642974,-0.6207651,-0.45694572
9.958962,1.1056272,2.4248755,4.272383,1.0426937,-0.19240591,0.5824625,0.121074215,-1.14098,-0.40159592
10.11676,1.6606493,0.9954431,3.875533,1.6062902,0.50340116,0.4846173,0.6571083,-0.732765,-0.66355056
9.578704,1.2329068,0.8146193,4.3278685,1.5964181,0.10706416,0.22504151,1.1366267,-0.8009515,-0.7330751
9.027925,0.36926845,1.2174296,5.2588835,1.3751332,-0.49402657,-0.12113257,1.035054,-0.77646023,-0.7334713
9.935357,1.4850667,1.3329977,4.550766,1.4421941,0.30922085,-1.2490782,1.0604035,-0.33223027,-1.0099752
9.439362,0.120076574,2.3547766,5.6954265,0.8092212,-1.0319505,-1.0488838,0.30687046,-0.66146463,-1.0047307
9.001753,-0.49882862,4.0335207,5.2208285,0.9883739,-0.9086303,-0.74244493,-0.048194595,-0.7211093,-0.8660776
8.614573,-0.88922805,5.4279604,3.912643,1.0803208,-0.9166641,0.7648355,-0.004110129,-0.6550359,-0.8042338
8.555179,-0.081495725,5.935459,0.8476626,1.8137597,0.5557963,1.5170285,0.38204494,-0.15415418,-0.37219164
9.698854,1.2368981,4.8462343,1.0530728,2.067033,1.4150887,0.8651314,0.12702045,0.2945442,-0.7224633
9.285569,0.9596374,3.9382715,1.6613009,1.5443795,0.6373875,1.1410292,0.09774557,-0.27346966,-0.384613
10.298545,2.4020395,2.5179653,1.2937404,1.7022439,1.412247,1.2818937,0.050849225,-0.36356065,-0.26432672
10.1357,1.9151294,1.3615272,2.8489666,1.2875211,0.38950962,1.3942438,-0.103973985,-0.7106011,-0.38263106
10.369803,2.44743,0.63286924,2.8662853,1.5047662,0.87606484,1.1040792,0.19419685,-0.4412768,-0.517862
9.230604,1.203712,0.45929447,3.767141,1.50715,0.19804764,1.0465915,0.6220103,-0.39573702,-0.7306593
8.975367,0.9179178,0.68975115,4.2822375,1.238961,0.043521084,0.36622563,0.49440166,-0.26488665,-0.7749134
9.94163,1.5703005,1.2335553,4.230936,0.95437956,0.19683735,-0.4485822,0.13961212,0.11222826,-1.2466283
9.2106695,0.12307,2.2322474,5.07848,0.6336813,-0.9332014,-0.785352,-0.38884702,-0.2922265,-0.96381265
9.252237,0.33351365,2.8722231,3.9540906,1.1205627,-0.26029354,-0.51674634,-0.32472733,-0.20993052,-0.9403117
8.017157,-0.39117822,4.6995997,2.0212154,1.7295283,0.3185281,-0.0078033595,0.1873182,-0.3145072,-0.2764544
7.642577,-1.0106965,5.398667,2.2961972,1.6624827,0.10521095,0.41487625,-0.0019689922,-0.05025989,-0.46323144
9.427939,1.9174583,3.952807,-0.56682897,2.7474923,2.8371994,0.2276927,0.2970699,0.4759051,-0.21024941
8.749973,1.2223026,3.5753758,0.35744014,2.0049837,1.8094479,1.1279467,0.01387321,-0.14510903,0.027838277
9.823272,3.2162256,2.0717838,-1.360685,2.6295216,3.479157,0.94479686,0.2353257,-0.21037158,0.6218441
10.133469,3.4403448,0.15270329,0.06431153,2.1556563,2.8195386,1.2351499,0.12058588,-0.44788313,0.28192115
10.156006,3.332169,-0.41358858,1.0049661,2.1999192,2.5553277,1.1896243,0.30758506,-0.27926162,-0.07186592
9.360441,2.4811862,-0.41202402,1.7843164,2.103226,1.9585365,0.791788,0.72182536,-0.17645684,-0.29905358
9.09025,2.058169,-0.3580158,2.2736623,2.0659313,1.6597825,0.1057011,0.8242651,0.017195156,-0.4023585
9.849965,2.6422536,0.3565273,2.425557,1.6853534,1.8095317,-0.64275897,0.3183596,0.11349827,-0.6318728
9.285064,1.2106061,1.2233815,3.6746204,1.1025212,0.42074203,-0.21081562,-0.45328122,-0.25008366,-0.6749526
9.575693,1.5982221,1.6588664,2.5431554,1.5060898,1.0561193,0.22299288,-0.39630678,0.0661307,-0.8748081
7.5311046,-0.78260326,4.3754096,2.3896503,1.6402487,0.27603927,0.6169996,-0.31019723,-0.14302872,-0.28697553
6.704117,-1.2470157,5.627739,0.43137437,1.6299158,0.13287923,0.7150193,0.4799907,0.08999088,-0.09998162
8.538366,1.3315024,3.8768244,-0.91507185,2.0232968,1.991909,0.33807087,0.41366467,0.38012928,0.023175916
8.311996,1.1153361,2.5297992,0.09366327,1.4981875,1.1669317,0.9089961,0.06729694,-0.40892327,0.4853818
9.527148,2.4192448,1.2529402,0.36314425,1.4614787,1.5664972,0.390287,-0.01194583,-0.39450133,0.4524105
9.52057,2.0790021,0.6083453,1.4562925,0.92870307,0.74829495,0.66225934,-0.20605186,-0.3892518,0.009457946
8.981839,1.7687633,-0.3533029,1.7939106,1.2973949,1.0500325,0.74237037,-0.02949419,-0.20423444,0.0742347
8.281349,1.1349086,-0.35600898,2.5514987,1.0907055,0.48178864,0.8367495,0.35007614,-0.23612408,-0.16739032
8.301349,1.1196712,-0.37737787,2.6578798,1.0642759,0.4601444,0.28732702,0.509117,0.05601535,-0.34300137
8.89118,1.7360398,-0.012744603,2.5606685,0.95655984,0.8535303,-0.7296801,0.117389075,0.050149217,-0.33212018
8.30185,-0.13503627,1.4211038,4.256862,0.17559217,-0.99765396,-0.66989386,-0.58080596,-0.032558773,-0.7240914
7.6112247,-0.9267518,3.1253257,3.048155,0.9510975,-0.64204055,-0.8239865,-0.361613,0.026139319,-0.32145363
5.643785,-2.9968228,5.4743176,2.7602618,1.0325379,-1.1673124,-0.7885548,-0.1878943,0.015929261,0.123576544
5.108787,-2.8978393,6.0946803,0.2545553,1.5936631,-0.56158924,-0.54426056,0.7818974,0.4511388,0.13789311
7.3831725,0.76191944,3.9553783,-1.8191725,2.4177866,2.3879507,-1.912061,0.8327845,0.5979352,0.78668934
7.2592964,0.07409212,2.285107,0.7974095,0.9856639,0.3436996,-0.895877,0.07366069,-0.15397084,0.42799076
8.3988495,1.4999877,0.73680586,0.721574,1.003336,1.1179198,-1.1835071,-0.12538233,-0.0867307,0.51529104
8.180321,0.7712018,-0.15482777,2.1209745,0.61448497,-0.0058284616,-1.1118299,-0.19000079,-0.048282806,-0.0027486868
7.7772846,0.43924028,-0.47712266,2.7894669,0.86887515,0.024205314,-1.3788817,0.09551701,0.023407139,0.01823182
7.3021517,0.3552184,-0.8359521,2.438358,1.1995573,0.05338656,-1.3000084,1.016468,0.12853852,-0.06693553
7.097443,-0.06447388,-0.44069898,3.1706636,0.8059241,-0.38050905,-1.431983,0.702779,0.108796984,-0.06954939
7.8949313,0.46407774,0.052814823,3.42194,0.5217437,-0.33774772,-1.6585689,0.19992343,0.12464254,-0.3589742
7.7858176,-0.114905655,0.99267554,3.659715,0.03827417,-1.0526451,-1.6017407,-0.37165037,-0.13921133,-0.31485555
7.575329,-0.47218996,1.7940255,3.0792303,0.37930942,-0.7783115,-0.81990165,-0.5893246,-0.10786072,-0.24459496
5.6058507,-2.456752,4.2024183,2.339738,0.6691067,-1.1388148,-0.24611486,-0.27542204,-0.16330594,0.24743181
4.868859,-2.9752722,4.845166,1.1977799,0.41972077,-1.5680526,0.32043043,0.5155937,0.30553314,0.008500379
6.412633,-0.4027275,4.3249016,-1.1739241,1.5667812,1.0612239,-0.31951374,0.7160936,0.40829378,0.5623397
6.34654,-0.1400227,3.1522977,-0.9093301,0.7643886,0.403866,0.25010517,0.4381356,-0.42927274,1.2284297
8.235115,1.329548,1.14241,0.41660443,0.21209364,0.2287673,0.41308936,-0.16544813,-0.3415587,0.62282294
7.5440493,0.44126505,0.29686704,1.5959878,-0.21553381,-0.65168506,1.2645224,-0.50780404,-0.65949595,0.7111045
7.4667983,0.7382825,-0.8645494,1.6363447,0.3455992,-0.070513435,0.52231944,0.07622248,-0.25236833,0.5344417
6.7929845,0.057230636,-0.80285645,2.2701142,0.21074128,-0.678338,0.35232365,0.6728498,-0.095631815,0.061579935
6.3657956,-0.37704057,-0.6963377,2.5370347,0.22713082,-0.81442195,-0.15030187,0.6819081,-0.119930975,0.37628654
7.471414,0.7325879,-0.48998538,2.112415,0.15531911,-0.26721153,-0.5278437,0.43951243,0.15873012,-0.03084958
7.0693936,-0.5237203,0.65805924,3.2102597,-0.5753671,-1.5496415,-1.1146926,-0.33752173,-0.13541837,0.07173868
6.6139336,-1.1200281,1.5563043,2.780716,-0.1571817,-1.2920452,-1.0429397,-0.5166158,-0.10085058,0.113663636
5.2371664,-2.6675048,3.694084,2.166773,0.048737146,-1.8452529,-0.42191824,-0.09382051,-0.09742126,0.3593086
3.884336,-3.971218,5.381697,1.5046425,0.10138553,-2.3939571,0.31296992,0.5160853,0.1257503,0.23590545
5.2764115,-1.5638173,4.610062,-0.6852062,1.1999803,0.25034803,-0.5701166,0.5861607,0.47002128,0.84783685
5.643937,-1.0782903,3.01459,0.45459208,-0.06915927,-0.9162124,0.49062335,0.015435104,-0.43918964,1.1422204
7.6359224,0.99479485,1.0666043,0.26736435,0.07138186,-0.32566148,0.48569262,-0.056829177,-0.12372725,0.6146482
7.61093,0.4408175,0.32327014,2.1616254,-0.64343655,-1.8272879,1.4261545,-0.4694352,-0.5946184,0.40547642
7.7002325,0.8067763,-0.65100974,2.2576933,-0.0796212,-1.4427211,0.5821328,-0.04703069,-0.16213557,0.14904518
6.9069505,0.34198412,-1.0253658,2.3648891,0.08726935,-1.7318465,0.0698079,0.5820784,0.15641552,-0.08401916
6.157812,-0.2949989,-0.6491859,3.0258563,-0.014486739,-2.0192518,-0.39996108,0.5793694,0.11248058,-0.006356469
7.273125,0.9578268,-0.4992841,2.4397461,0.021700894,-1.3130578,-1.1112443,0.2803489,0.29745364,-0.20241508
6.61061,-0.632403,0.6702348,3.798884,-0.66753477,-2.9051733,-0.89517576,-0.4965828,-0.15776496,-0.12602197
6.6552563,-0.6400467,1.7986543,3.006521,-0.22964105,-2.6331434,-0.3455603,-0.562027,0.11333322,-0.28426716
5.3554435,-1.8654453,3.5887413,2.539853,-0.06442765,-3.1015668,-0.22641937,-0.24617434,0.010376108,0.0757656
4.634028,-1.9418175,4.0585036,0.87564266,-0.40389466,-3.7591746,0.42746034,0.54536366,-0.15285186,0.17527379
5.453392,-0.3639129,3.3897521,-0.65966463,0.578416,-1.9380413,-0.42854804,0.6575057,0.26180488,0.62932086
5.498102,-0.25495455,2.5944886,-0.09329432,-0.24157844,-2.7658086,0.20358418,0.4223015,-0.108525544,0.65200675
7.135317,2.1937037,0.4755789,-0.82980144,-0.085086815,-1.298918,0.5069465,0.12256221,-0.26317444,0.9029275
7.3402953,2.245067,-0.63716644,-0.04979478,-0.48565835,-2.062583,1.2894531,-0.018926889,-0.47216865,0.48611867
7.423884,2.6067982,-1.4897195,-0.2562607,0.18198425,-1.4970467,1.1878523,0.56501913,-0.06669509,0.274636
6.340232,2.048814,-2.0439844,-0.38271722,0.64241123,-1.6146405,0.6345238,1.7375282,0.018375358,0.35117218
6.202231,2.0512702,-2.0731118,-0.3259852,0.6111458,-1.4646405,-0.42798215,1.9721569,0.44901127,0.1711179
6.6176877,1.9478253,-1.2009249,0.7293615,0.07610614,-1.7674427,-1.2015331,1.0414035,0.39551267,-0.051029064
6.1805882,0.69861835,0.020424977,1.7461162,-0.7325848,-3.0721462,-1.5670693,0.10400852,0.006300357,0.06068102
6.4593353,0.66403437,1.0252712,0.8464618,-0.16659385,-2.7958624,-1.1195935,0.11212632,0.3141574,-0.17708446
4.5808864,-1.31425,3.283344,0.81704867,-0.16447075,-3.7003095,-0.3475603,0.22220883,-0.019601578,0.356834
3.6433861,-1.1452334,4.118033,-1.0726864,0.39902824,-2.8874087,-0.20792682,0.7958753,0.29908973,0.63675183
5.9685483,2.157396,2.027871,-2.8147576,1.3861359,-0.27778062,-0.52355397,0.627383,0.9343898,0.6013544
5.540254,1.1730032,1.1541556,-0.8948943,0.11974619,-2.3790593,-0.6701162,0.29328683,0.27411225,0.51197934
6.964435,3.0351088,-0.80675364,-1.3662702,0.32307205,-1.1962447,-0.6029498,0.19353679,0.29981923,0.5633444
6.85135,2.5757105,-1.212597,-0.35620573,-0.2624932,-2.1508834,0.2085081,-0.0002485302,0.015301517,0.283348
6.4243298,2.4169867,-2.210846,-0.3820051,0.34215003,-1.5975552,0.9912359,0.4522123,0.21483012,0.4025885
5.6799417,1.8321606,-2.1976843,-0.05617267,0.24234489,-2.0116413,0.7455039,1.1795119,0.33071494,0.24535492
5.6805744,1.833406,-2.0007162,0.040445168,0.064562686,-1.8903795,-0.2943736,1.1075245,0.5894128,0.07570839
6.5577974,2.502572,-1.7239648,0.150849,-0.04132379,-1.5680299,-1.3685892,0.55994034,0.5231841,0.016252479
6.4193754,1.6400304,-0.46344453,0.49600992,-0.46769428,-2.6751401,-1.305392,0.17949271,0.15605636,0.025846351
6.4797864,1.9489437,0.11574705,-0.65456206,0.074458934,-1.7545997,-1.1733397,0.16102748,0.35354385,0.08505365
4.5975227,-0.13919769,2.2820709,-0.48687074,-0.046757717,-2.6970606,-0.003969569,0.3102195,0.029016359,0.39872652
3.9187586,-0.5537335,3.6480665,-2.0720046,0.43997183,-2.2916307,0.8550527,1.0669818,0.5219589,0.0702213
6.1588316,2.5271664,2.1359363,-3.8521829,1.3183697,0.37099046,0.8373177,0.7869199,0.6215719,0.5570511
5.7749043,1.8984759,1.2126158,-2.776413,0.07591464,-1.047187,1.5243568,0.43120146,-0.07112027,0.7144876
6.7885475,3.237102,0.026413506,-3.0149777,0.24903587,-0.07329755,1.0355802,0.28414276,-0.20610704,0.9514104
7.400363,4.066463,-1.961162,-2.7948704,0.044043127,-0.20084304,1.1350719,0.4363917,-0.33098513,0.678424
7.2069645,3.9986188,-2.4570255,-2.2638872,0.28284016,0.006903619,1.1497658,0.5713899,0.0031699252,0.4840317
6.3758974,3.3163393,-2.7270854,-2.132801,0.48194733,-0.44222593,1.1788826,1.4517759,0.105612256,0.3245546
6.4570155,3.2267468,-2.3777325,-1.7990006,0.30356795,-0.6033604,0.31213468,1.5499686,0.3104895,0.20689712
7.1047893,3.9600983,-1.9527496,-2.229862,0.39041245,0.119489565,-0.8913537,1.1254262,0.26524463,0.189759
7.0609055,3.2276773,-1.3067193,-1.4467094,-0.23997374,-1.0760725,-0.99656683,0.53464437,-9.389478e-05,0.0881744
6.7585196,2.820548,-0.39581236,-1.8691845,0.07086731,-0.76435244,-0.14770009,0.24756326,-0.02788414,0.2706655
5.867822,2.2844014,0.9985374,-3.3655074,0.316587,-0.5211927,0.9920116,0.7696258,-0.1120253,0.7062841
4.857513,1.3331335,2.6655343,-4.4949117,0.053039324,-1.0556734,1.3005271,1.2769719,-0.058870822,0.19943617
6.8067045,3.2661152,1.3435274,-4.4596963,0.44893944,0.51124626,0.912073,0.86993116,0.45101655,-0.11384297
5.7237735,2.353263,0.77258253,-3.82467,-0.47508624,-0.7287995,1.5100964,0.6433829,-0.7701935,0.81450194
6.9988503,3.5879931,-0.18633004,-3.791243,-0.48770052,-0.14632927,1.4034017,0.5310981,-0.27728063,0.3777655
7.1475554,3.7663376,-1.7282434,-3.0369751,-0.8945847,-0.71682066,1.7747302,0.3564026,-0.653903,0.4950807
6.806465,3.655863,-2.6699252,-2.6945374,-0.43566158,-0.3413118,1.7899035,0.5523722,-0.41554913,0.52054197
5.8330364,2.91348,-2.9874735,-2.5883145,-0.1334585,-0.7748846,1.3943713,1.6885455,-0.16815376,0.23075552
5.240565,2.3642757,-2.8487942,-2.204171,-0.070131674,-0.9930928,0.9061914,1.9359664,-0.015593434,0.28424123
6.304134,3.4309695,-2.4942932,-2.3079238,-0.29092568,-0.3477698,-0.36766598,1.3473951,0.10635496,0.23292689
6.4649234,3.210448,-2.338225,-2.4223845,-0.737366,-0.8371833,-0.71186763,0.68414176,-0.1699231,0.40261072
6.3565855,2.7024045,-1.2131255,-2.5429456,-0.52038807,-0.80147827,0.20257978,0.39939943,-0.11077704,0.2649146
4.5024533,0.9417666,0.4653359,-3.3434064,-0.17329618,-1.2835624,2.0959008,0.9430742,-0.3936961,0.82629913
2.9597678,-1.2225883,3.7647934,-2.7144468,-0.541066,-2.2863405,1.3728408,0.99996984,0.1375421,-0.09931756
5.057774,1.189973,1.7231511,-3.0500216,-0.34164584,-0.7201026,0.7920899,0.43056118,0.58082664,-0.34929928
4.4390206,0.53132576,1.2449774,-2.441923,-0.9633826,-1.8444855,1.4981927,0.18647233,-0.23678242,0.07738199
5.8163486,1.9811329,0.1633507,-2.2141798,-1.1012601,-1.2354244,1.3242201,-0.24894376,-0.24093357,0.08028547
5.6246805,2.0061352,-1.376485,-1.7282181,-1.3130457,-1.6125902,1.8624698,-0.20279877,-0.5839609,0.1581575
5.631908,2.2672517,-2.6408622,-1.6831918,-0.5718996,-1.0725391,1.394232,0.42758137,-0.26454887,0.08709941
5.0083017,1.9800494,-2.7109947,-1.7567489,-0.62496805,-1.2447472,1.09266,1.0744002,-0.20974326,0.009821499
4.484252,1.3654504,-2.7665467,-1.4008391,-0.53374,-1.4888614,0.5917662,1.138546,-0.16588922,0.099679425
5.870168,2.9058099,-2.4607203,-2.1783814,-0.59666353,-0.40393862,-0.72024465,0.8041774,0.19552474,-0.07234354
5.784641,2.3165092,-2.0966382,-1.7165945,-1.0044168,-1.385923,-0.6691891,0.353485,-0.3969605,0.13503197
5.739947,2.2376637,-1.1807705,-2.5731008,-0.48788273,-0.80335784,-0.32727125,0.37476805,-0.26933563,0.16662663
4.492814,1.1074699,0.53869444,-3.379719,-0.59350103,-0.96974134,0.39996096,0.654004,-0.10678208,0.19217865
2.86362,-0.87782097,1.7281369,-3.1358318,-0.5623691,-1.5709684,0.87376106,0.8506055,0.3267461,-0.043579504
4.408013,0.6948981,2.2855608,-3.9509387,0.028650327,0.09569157,0.3514834,0.52393633,0.8672371,-0.11787597
4.5815053,1.2270727,0.16512732,-3.3919606,-0.990552,-0.8362408,0.063678965,0.2094513,-0.08131961,0.37199178
5.63827,2.275151,-1.072829,-2.7310522,-0.9678571,-0.5487657,0.033031654,-0.17669138,-0.32112664,0.34955266
5.4789233,2.2451184,-2.5283418,-2.1988568,-1.2729213,-0.96949905,0.5961975,-0.16545977,-0.51591897,0.3336676
5.523618,2.4702818,-3.158613,-2.386141,-0.706333,-0.3133,0.077511154,0.37940177,0.007263661,0.098230176
4.4343653,1.6109972,-3.2812378,-2.1789844,-0.6276984,-0.72668934,-0.43921658,1.0695125,-0.0010358696,0.118199684
4.230192,1.4352996,-3.1554866,-1.9746693,-0.7032316,-0.81794727,-0.7679926,1.0232426,-0.07814811,0.2845567
5.426567,2.7282248,-3.012035,-2.7244484,-0.7028638,0.12217807,-1.2961365,0.7639181,0.44619262,-0.11382813
5.262197,2.0368474,-2.3352604,-2.2310724,-1.2108142,-0.87803274,-1.0081227,0.105606616,-0.25590584,0.27592006
5.3810296,2.2541807,-1.6896987,-3.1202378,-0.7286439,-0.22028014,-0.31695658,0.040841043,-0.15876819,0.14097992
3.1525872,-0.39037964,1.1870676,-3.17526,-0.687595,-1.2906618,0.3398564,0.5599079,-0.11401891,0.31526938
2.7720976,-1.0819438,2.361224,-2.9621797,-0.54116255,-1.000135,-0.72179896,0.6012873,0.39616758,-0.21026702
4.8817954,0.6057326,1.3492439,-3.424051,-0.29318485,0.88258284,-0.39817178,0.096310616,0.6655383,-0.4285135
4.575434,0.15077952,0.67700994,-2.6934915,-1.5762631,-0.2689319,0.8941284,-0.17960986,-0.5357582,0.16963837
5.8692403,1.6341856,-1.2385921,-2.717931,-1.516256,0.6943416,0.66156536,-0.39267296,-0.50505346,0.24386784
5.5161514,1.3776904,-2.3681424,-2.2243237,-1.6502631,0.21110186,0.6771202,-0.27655965,-0.8273983,0.19456674
5.4669313,1.7285352,-3.1411786,-2.3737152,-0.95642394,0.8757298,0.6567305,0.47798336,-0.54949415,0.08873626
4.178556,0.95023257,-3.5933979,-2.7082405,-0.5456933,0.9113347,0.3457056,1.5432965,-0.61649096,0.3117532
4.4457145,1.2455419,-3.208476,-2.5428185,-0.91391665,0.9434119,-0.5576218,1.2274421,-0.49114975,0.3796255
5.4969378,2.0883296,-3.3503687,-2.8562887,-0.87746453,1.378173,-0.7410753,0.652645,-0.08141803,-0.011780533
5.1743526,1.5930548,-2.6593826,-2.6914866,-1.3644062,0.8076971,-0.7853116,0.16712067,-0.5700336,0.44645137
5.4877734,1.6000017,-1.8457128,-3.4631276,-0.8888945,1.1815051,-0.28955022,0.14343368,-0.24013942,0.34460577
3.3884797,-0.30634525,0.30867574,-3.4926608,-0.9361008,0.44694692,0.32578868,0.33846837,-0.6067567,0.6526144
2.6919467,-1.7684022,2.096373,-2.4476187,-0.92754924,-0.448051,0.15163861,0.21803957,0.13285458,-0.3488104
4.399837,0.22000885,1.3137249,-3.19517,-0.2261796,1.3551545,-0.96319056,-0.22478229,0.52403104,-0.21440342
3.9715185,0.20106375,0.1623043,-3.3032677,-0.919353,0.5974894,-0.37164432,-0.29262727,-0.19025464,0.35519034
4.974098,1.1018085,-1.0353999,-2.419628,-1.0277116,0.71648204,-0.68094206,-0.6978468,-0.3241261,0.2847715
4.8004665,1.3029673,-2.6327202,-2.1978683,-1.0618117,0.5005809,0.016221434,-0.47036,-0.6030946,0.32701138
4.2807894,0.8528361,-3.2001255,-1.5724033,-0.5192527,0.549065,-0.6255117,0.11655076,-0.17765929,0.08090529
3.1435459,0.029916557,-3.1656744,-1.3588523,-0.4589933,0.1012798,-0.67222583,0.7925662,-0.114926875,0.13250813
3.2533998,0.27589956,-3.316779,-1.5804642,-0.42186698,0.3169128,-1.1224753,0.98044914,0.1763595,0.0044181366
4.449615,1.1579816,-2.8873513,-1.6861253,-0.8565966,0.8272346,-1.5142488,-0.046991408,0.1878115,0.021495927
4.317633,0.5688887,-1.9956518,-1.5316027,-1.2854415,0.08344018,-1.6193327,-0.61612576,-0.39215022,0.35476092
4.544414,0.62524384,-1.5198611,-2.3818812,-0.74351835,0.6641168,-1.8731897,-0.47718954,0.050623816,0.094616726
2.6780498,-1.5227368,0.61546695,-2.1438243,-0.94022727,-0.25261655,-0.8567246,-0.20942901,-0.17079641,0.31830612
1.565574,-2.4474304,2.1711829,-3.3698947,-0.8464473,-0.29844537,-0.5447736,0.627637,0.2109333,0.290725
2.7353354,-1.4809628,1.6175203,-2.9029121,-0.72257274,0.39937094,-1.4036229,0.008096731,0.33728442,0.22229193
2.5167782,-1.7727178,0.7342488,-1.8668483,-1.7223907,-0.63341326,-1.3826085,-0.47077483,-0.33797556,0.4519887
4.203738,0.49284735,-1.3195622,-2.6147957,-1.3860728,0.65783036,-1.4579709,-0.6419608,-0.2899469,0.5046738
4.1345587,0.2819841,-2.400656,-1.8424023,-1.7442349,-0.09483331,-0.85497856,-0.70014364,-0.4199616,0.23452498
3.3848124,-0.17702626,-3.2598505,-1.3746849,-1.0505376,0.2295677,-1.2290728,0.0033606503,-0.26226333,0.2143817
2.4025886,-0.78562295,-3.381528,-1.6148093,-0.83881176,0.15458295,-1.5645076,1.127643,0.10221125,-0.029965827
1.8961823,-1.6109698,-3.0495062,-0.7544139,-0.9830748,-0.4673546,-1.6201204,1.2530081,0.2012405,-0.12990364
3.6504567,0.11506429,-2.8131013,-1.3163866,-1.4872241,0.5011809,-2.102828,0.08082975,0.10848846,-0.071794316
3.551836,-0.64810383,-1.9780358,-0.9306925,-1.9711015,-0.43232122,-2.4099994,-0.47213703,-0.4324032,0.15021364
3.782042,-0.6012405,-1.0334604,-1.713278,-1.5341175,0.009649108,-1.5389099,-0.4756743,-0.27191353,0.1827922
1.9215076,-2.375727,0.6776608,-1.9615428,-1.3179694,-0.70347404,-1.093637,0.008828955,-0.29337403,0.47339797
1.4595085,-2.2299492,1.2326477,-3.0690417,-1.5185435,-0.80032146,-0.7928948,0.56095684,0.17531976,0.2570192
2.7639558,-1.1484627,0.92007875,-3.2657037,-0.6619574,0.22522978,-1.2378286,0.41616803,0.53949577,0.15092382
1.8054317,-1.8225551,0.76957756,-2.4337003,-1.8926383,-1.4187071,-0.33975285,0.17842674,-0.45729774,0.71694434
3.8179753,0.29934293,-1.0923808,-2.2501066,-1.577129,-0.3200202,0.053574707,-0.4571212,-0.18182458,0.3384854
3.4898515,0.020410324,-2.2970176,-1.2069397,-1.2563272,0.2095356,1.100867,-1.090725,-0.26323545,0.13334066
2.790528,-0.2804936,-2.9728775,-1.0513688,-1.2945584,0.08058777,0.60568976,-0.40743357,-0.16377112,0.10785455
1.7444085,-0.8337944,-3.4982617,-1.4516313,-1.121816,0.062045876,-0.085779354,0.6026888,0.28945243,-0.21975698
1.190517,-1.4502385,-3.3417325,-1.2034924,-1.838865,-0.813802,-0.78613114,0.693778,0.037875205,0.08379024
2.95531,0.0810229,-3.0246048,-1.5418019,-1.7681267,-0.032610457,-1.1918737,0.14335771,0.33416888,-0.3029801
2.5292928,-0.75126976,-2.3353863,-1.0916771,-2.392285,-1.10873,-0.983975,-0.6075773,-0.39027438,0.118602075
2.5038984,-0.893438,-1.2956795,-2.1072786,-2.149207,-0.9424177,-0.7265217,-0.4683763,-0.18002461,0.047153134
-0.36896938,-3.5985544,1.3044888,-2.9075925,-1.3698028,-1.5865092,-0.36184657,0.55090785,-0.18351182,0.6878183
0.7020101,-2.6257899,1.7363658,-2.018828,-0.5512289,0.42421368,-0.18236437,-0.36446908,0.84415597,-0.15774623
2.6107993,-0.67999583,0.20694816,-2.7382967,-0.43001723,1.5024717,-0.05519438,-0.9554579,0.83970106,-0.10702796
1.9930377,-1.5584222,-0.09950172,-1.5016029,-1.3061134,0.09768539,1.0089096,-1.180308,0.05616451,0.09204558
3.521584,-0.5183881,-1.0041709,-1.0298332,-1.244279,0.47004834,0.4768356,-1.2652615,0.1937653,-0.22465985
3.2435768,-0.7688686,-2.1131508,0.13057323,-0.5397909,1.2831936,0.91407394,-1.7806213,0.066336446,-0.18339355
3.0308137,-1.0050822,-2.7811964,0.65274286,0.927877,2.6668952,1.3598049,-1.4441538,0.783434,-0.65748227
1.5398343,-1.603625,-2.9946918,0.028586436,-0.0010374187,1.162635,0.32867536,-0.069611944,0.6294385,-0.55881476
0.52043205,-2.118562,-3.0320437,0.3646018,-0.6879337,-0.55870074,-0.3308731,-0.16400404,0.4218858,-0.1452051
2.200677,-0.110646024,-2.8432155,-0.52673227,-0.4713501,-0.027449453,-1.4607842,-0.30813652,1.217939,-0.7265576
2.2340486,-0.5148703,-2.1282773,0.2051568,-0.60656744,-0.6010924,-1.1214862,-1.478059,0.6164128,-0.261107
2.782397,-0.21143927,-1.1628847,-0.87561154,-0.14303255,0.62367904,-0.8794187,-1.6800262,0.7976236,-0.13067816
1.1187444,-1.9638073,0.22050534,-2.0470119,-0.6368501,-0.16407454,0.20551197,-0.726433,0.68928546,0.05112796
-0.002097387,-3.2063246,1.9247702,-2.622045,-1.3220644,-1.014999,0.5245552,0.08603393,0.7902691,-0.3414679
3.1878295,-0.31013167,0.4814195,-2.7544494,0.43534625,2.756106,-0.4626491,-0.92787975,1.4016356,-0.44007576
2.4281468,-1.0843565,-0.061487876,-1.7461059,-0.027019156,2.0606575,0.60814875,-1.3855306,0.61208344,-0.08371958
3.9566863,0.22450997,-1.2373425,-0.8985493,0.49105513,2.9012465,0.6336752,-1.9438026,0.7626671,-0.44588485
3.000742,-0.3487331,-2.7149725,-0.50226843,0.20717739,2.1947458,1.4304894,-1.6263597,0.4897178,-0.48268306
2.3544056,-0.5664171,-3.1764534,-0.46246433,0.2517706,2.3062289,0.7452612,-0.81631196,0.809228,-0.54522675
1.1102494,-1.7448592,-3.0388029,0.16440049,0.52096856,1.8216636,0.50393605,-0.19774966,1.0019506,-0.6212709
0.790581,-1.8079947,-3.3405879,-0.23381653,-0.86850196,0.18648063,-0.19326894,0.24817726,0.5959728,-0.46076417
2.1293576,-0.69533974,-2.9348311,-0.6824182,-2.031508,-0.50510585,-1.3040849,0.05365656,0.65770906,-0.71397465
2.3225484,-1.2120334,-2.0839531,0.0701477,-1.6524675,-0.5214705,-1.4671026,-0.9636829,0.30340776,-0.20836699
2.411697,-1.28494,-0.8523118,-1.0406321,-1.024063,0.22514667,-1.2200863,-0.87670106,0.6997631,-0.4373261
0.7685256,-2.6233792,0.58003074,-2.0677102,-1.697277,-0.55015004,-0.474904,-0.2769071,0.21560109,0.091166124
0.04641018,-3.4952674,1.4693922,-2.2351654,-1.8623606,-0.9292637,-0.48279336,0.163725,0.6656155,-0.45833248
2.0035055,-1.6847427,0.724591,-2.003804,-0.43705237,1.5407239,-1.4343101,-0.7009925,1.1703945,-0.4887152
2.0655723,-2.0861106,0.26525223,-0.45550856,-0.4393552,0.9586401,-0.27805585,-1.3504137,0.60130215,-0.34253186
3.1897612,-0.8182387,-0.73835737,-0.3790362,-0.18011552,1.5123026,-0.8753035,-1.4625213,0.64492583,-0.29033417
3.15122,-0.7527151,-1.9434338,0.8659575,0.43234307,2.3189812,-0.11335132,-2.2285192,0.68840456,-0.56754583
2.3672001,-0.9518577,-3.0459049,0.21225426,-0.6847305,0.7662243,-0.06520384,-1.1469674,0.77612495,-0.7275341
0.8179708,-2.0871468,-3.2267425,0.34588265,-0.76520616,-0.08853649,-0.57350934,0.04085943,0.75277007,-0.6439731
0.87262934,-1.7850902,-3.3347218,-0.15219407,-1.6417679,-0.5660108,-1.1228087,0.1711259,0.6753294,-0.5379714
2.1388004,-0.8478142,-2.998478,-0.29578906,-1.1951494,0.20353477,-1.5296074,-0.32353723,0.77928436,-0.76756644
1.9876537,-1.3537565,-2.110405,-0.093067735,-2.2787926,-1.0636683,-1.7651407,-0.7997411,0.155329,-0.22543313
1.9883693,-1.6887224,-1.0516257,-1.1454479,-2.0267048,-0.9076515,-1.1015142,-0.59464943,0.49114564,-0.3118086
-0.116565466,-3.5485427,1.2066189,-1.5182121,-1.443485,-0.47180447,0.090146005,-0.42067403,0.31356862,0.008778985
0.086854294,-3.0831642,1.3347307,-2.6850314,-1.3776208,-0.051274706,0.34651172,0.0891085,0.97743493,-0.78506196
1.6108602,-1.9629431,1.1453359,-2.3462741,-0.5897296,0.90463525,-0.9149038,-0.36885425,1.128629,-0.5998711
0.72831494,-2.876855,1.1228976,-1.0845523,-1.4886441,-0.52717876,0.1287858,-0.70567316,0.35692844,-0.33159342
2.8855271,-0.63826144,-0.669399,-0.9150389,-0.8235925,1.2014793,0.4929018,-1.4923728,0.41504493,-0.19745529
3.094608,-0.37916967,-2.3399684,0.20292017,0.1317741,2.7280345,1.5213447,-2.3856556,0.60663307,-0.31340247
2.281255,-1.2731667,-2.905379,0.77139914,0.51051235,2.327943,1.0877297,-1.4114201,0.9986698,-0.7848038
0.78573847,-2.3931856,-3.002436,0.8608184,0.5506439,1.5898035,0.5874647,0.16710305,1.1712513,-0.7627972
0.34897673,-2.4594655,-3.3693113,-0.116901144,-1.137333,-0.5019202,-0.41849133,1.1878289,0.6921504,-0.3947439
1.9337504,-1.1400788,-2.692249,0.12395336,-1.3932664,0.3537831,-1.39297,-0.04659482,0.5718024,-0.65995264
2.0951996,-1.7577865,-1.9525762,0.77018476,-1.9517161,-0.7571776,-1.4530878,-0.83559346,0.04257276,-0.57500404
1.6905209,-2.2983022,-0.8704408,-0.30744943,-1.8888975,-0.7390205,-1.2853795,-0.5824201,0.14505088,-0.331082
0.08194158,-3.7202778,0.8293741,-1.0897368,-1.5194732,-0.4738524,-0.39105782,-0.15897897,0.121234395,0.038823377
-1.3018523,-5.031945,2.467783,-2.3462877,-2.5276575,-2.4482303,-0.7269163,1.2997003,0.41373497,-0.3605073
1.1207527,-2.9171395,2.0189915,-1.8626553,-0.96835864,0.50614005,-1.0616231,-0.1988686,0.8137699,-0.44164145
0.9598837,-2.8232648,0.4944036,-1.0358005,-1.6365889,-0.13185821,-0.16981336,-0.6652372,0.10698352,-0.16057041
2.5887954,-1.203518,-1.0732993,-0.2891205,-1.2523862,0.74401987,0.08399426,-1.3195593,0.11205181,-0.19909765
2.5101953,-1.3214219,-2.1520352,1.0038947,0.058686744,2.213915,0.5318402,-2.1555078,0.5393957,-0.4838946
1.248531,-2.160352,-2.9947834,1.1538794,0.26940528,1.3969088,0.5792109,-0.80765146,0.7746728,-0.728106
-0.13495518,-2.4836268,-3.2992337,-0.084123805,-1.3831105,-0.54011226,0.09545084,0.9037411,0.56149036,-0.545532
-0.18574573,-3.029797,-3.166018,1.0862491,-0.86065626,-0.049783755,-0.6328703,0.14563854,0.5276048,-0.34573552
1.5808355,-1.7140352,-2.8044236,1.0264896,-1.0003934,0.6748648,-1.8307385,-0.5645981,0.85495126,-0.7574392
1.3664634,-2.0953178,-2.2776084,0.71352345,-2.2571104,-0.8740748,-1.6506689,-0.9366668,0.039003003,-0.51580125
1.3587506,-2.0917277,-1.4127593,-0.31386957,-1.6414529,0.03722343,-1.3476561,-1.0668913,0.4370566,-0.5604304
-0.43100017,-3.8756433,0.6490146,-0.32157978,-1.3800919,-0.10775878,-0.55891657,-0.9376464,0.29338485,-0.25547832
-0.5912608,-4.192276,1.8125851,-0.95295906,-0.51250434,0.52397704,0.06905279,-0.5479121,0.9513266,-0.4608338
1.5161282,-2.5078187,1.74703,-0.9448237,0.37261543,1.9431454,0.074664816,-1.1870561,1.2371134,-0.5561775
0.7762632,-2.8817968,0.5541331,-0.29687947,-0.98517644,0.33810338,0.96691334,-1.3754919,0.14606185,0.13302855
1.796603,-1.5326467,-1.0310888,-0.64771825,-1.9287553,-0.1455961,-0.03981038,-1.3379508,0.21572454,-0.3208327
1.6889881,-1.9666733,-1.9909407,0.87360567,-0.864143,0.5071608,0.81088954,-1.6258804,0.30727813,0.0076627447
0.9887999,-2.1453643,-2.681177,1.1957375,-0.50148803,1.1196035,1.601258,-1.2025255,0.52079487,-0.40690228
-0.7367713,-3.13635,-3.477147,-0.15275294,-1.9645839,-1.423889,1.1380017,1.3186027,0.45301038,-0.58271515
-1.7118704,-3.9404428,-3.4267182,0.37198237,-2.0759363,-1.9943552,0.53242445,1.7371621,0.45874053,-0.580824
0.72026354,-2.0260286,-2.644113,0.5940198,-1.8685251,-0.41512433,-0.99585444,-0.011683747,0.3665023,-0.6353275
0.6157542,-2.1824944,-2.3316646,0.21276502,-2.97889,-1.27524,-0.38261843,-0.81422436,-0.2858475,-0.4900146
0.5428778,-2.7055216,-0.3162273,-0.42381495,-1.9167663,-0.34875405,0.22188026,-1.1056141,0.0554834,-0.47673708
-1.128803,-4.4713387,1.7720675,-0.77777153,-1.311029,-0.47769508,1.1428292,-0.74530464,0.32010162,-0.21757777
-1.7782881,-5.1935887,2.8757482,-1.4780341,-1.5061227,-1.2030146,1.4792868,0.16416173,0.698673,-0.16534166
0.09974793,-3.517064,2.2374074,-1.2156284,-0.2954306,1.0899652,1.7187457,-1.0989531,1.0584419,-0.3701631
-0.39342,-3.8878686,1.4609776,-0.3188748,-1.6991578,-0.72449243,2.2061749,-1.449979,0.35414514,-0.13129394
1.6663605,-1.8862672,-0.015288255,0.4962522,-0.2156314,1.5211865,1.7172493,-2.4160728,0.58836335,-0.20610093
0.77692866,-2.6351743,-2.045921,0.99674886,-0.91407114,0.19229159,2.251703,-1.7768396,0.22282128,-0.025788322
0.19323015,-2.730435,-2.8161323,0.8443226,-1.4796757,-0.41380155,2.0353923,-0.6214838,0.6030001,-0.64930993
-1.1601743,-3.3187115,-3.225373,0.49914622,-1.8164041,-1.2076908,1.4914191,0.52839553,0.48708346,-0.53482044
-1.5477798,-3.6572528,-3.1991677,0.6691167,-2.394627,-2.3095558,0.7671157,0.8246213,0.1557004,-0.1365616
0.5498074,-1.9079988,-2.8614683,0.60940284,-1.4153117,-0.38145688,-0.4117159,-0.4265866,0.6632713,-0.7910659
-0.30506417,-3.088101,-1.8295901,1.1493044,-3.457593,-3.0763452,-0.42047328,-1.0920037,-0.43572244,-0.30444425
-0.25943652,-3.1844773,-0.35774106,-0.4978403,-2.5231917,-2.041035,-0.1920355,-0.82245946,0.13147454,-0.37775058
-1.2371566,-4.2774777,1.6598516,-0.52512854,-1.2238376,-0.8161772,1.4791671,-1.0739307,0.5454751,-0.33043456
-1.9577879,-5.1112843,2.9231157,-1.099961,-1.6157297,-1.9524424,2.03667,-0.13863946,0.66546565,-0.24196994
0.83789045,-2.5970788,1.8709986,-1.0499029,-0.39274013,0.9615227,1.6122217,-1.3361292,0.99878925,-0.4069898
0.20149732,-3.2844918,0.93380517,-0.042097785,-1.5366719,-0.4760793,2.5334966,-1.5430725,0.071975976,-0.038171995
1.1595461,-2.375929,-0.2323396,0.57472605,-1.9219147,-0.36892298,1.8387021,-1.8801064,-0.14086683,-0.15826532
0.79371476,-2.4097762,-1.6533613,0.8442074,-2.23127,-0.8778711,2.4700272,-1.7162089,-0.3857947,-0.14160882
0.59312785,-2.7090967,-2.473586,1.4838246,-0.8148303,0.35024908,2.7145712,-1.2228248,0.3638619,-0.4459788
-1.5821191,-4.083716,-2.636818,1.5801227,-0.90528744,-0.7128028,2.3258288,0.48629633,0.23366371,-0.4400154
-1.3548536,-3.966565,-2.8219166,1.5474235,-1.2928883,-1.0017735,1.057586,0.448084,0.520042,-0.50237453
0.23953225,-2.677676,-2.593233,1.3571441,-1.1225566,-0.3957643,0.055396244,-0.122313574,0.43854088,-0.57912546
-0.26807156,-3.0945194,-1.6996533,1.0073601,-3.206571,-2.757028,0.21261989,-0.330125,-0.5942462,-0.26311296
0.22109853,-3.194279,-0.24314359,0.12556198,-1.685147,-0.85268784,-0.09266101,-0.89756346,0.102008514,-0.2099853
-1.4542269,-5.1185703,1.8192875,0.43199244,-1.0583441,-0.74505234,0.5524079,-0.5950401,0.22586992,-0.1429917
-1.4965873,-4.852051,2.160514,-0.89617544,-1.8081672,-1.2652128,1.0948583,0.19970718,0.12588431,-0.07343369
1.3389399,-2.665232,1.2719873,-0.6314411,-0.186085,1.7736915,1.3332703,-1.1881979,0.9613923,-0.40400234
-0.22807935,-4.062368,0.9638847,0.23128937,-1.0686821,0.2966339,1.8873208,-1.1194079,0.09077836,-0.062438622
1.2223424,-2.5310693,-0.63205236,0.7156435,-1.3476535,0.56702214,1.1044894,-1.5204995,-0.30485344,0.29412445
0.5022407,-3.1428208,-2.4672418,1.0936466,-1.3224546,-0.022151742,2.4900885,-1.0034846,-0.09055686,-0.16913204
0.18267359,-3.5365322,-2.5772662,2.3486946,1.1743871,2.3336785,2.5453198,-0.5852256,0.7769041,-0.4099593
-1.9453427,-4.7403526,-2.5857623,1.9300227,-0.32061082,0.054094315,1.7695153,1.314097,0.4419276,-0.27432087
-2.003936,-4.91447,-2.6901689,2.1758375,-0.6889229,-0.4488511,0.88038766,1.2837821,0.5064451,-0.4468433
-0.5115008,-3.265746,-2.6967764,1.5533122,-0.6977487,0.3280216,-0.4286868,0.67737216,0.37095037,-0.5421078
-0.23495361,-3.3491738,-1.8990939,1.5889784,-1.9888276,-0.5225978,-1.2021642,-0.4271871,-0.23005706,-0.14453101
0.65277445,-3.0800703,-0.8391856,0.9267075,-0.81220824,1.077551,-1.0626796,-1.1503654,0.14945087,-0.10915164
-1.6149889,-5.202228,0.79889745,0.5401537,-1.7967693,-0.44337776,0.32820293,-0.49226877,-0.091116816,-0.05926141
-2.2660122,-5.5790324,2.4962323,-1.496022,-1.224855,-0.37455332,1.3663101,0.8007579,0.35240486,0.024837364
0.6108013,-3.0924351,1.0506885,-1.1821771,0.013516191,2.194992,1.0724119,-0.71510196,0.7149304,-0.2621746
-0.7132325,-4.4724646,1.2247871,0.5480242,0.23754458,1.6386979,2.063655,-1.3138677,0.20393519,0.21768318
0.55008465,-2.7854106,-1.0046288,0.38758624,-0.9819396,0.35141802,1.0005043,-0.98156863,-0.19452314,0.16451818
-0.41860628,-2.853999,-2.9396791,0.015872292,-2.1226692,-0.8779501,1.4076594,-0.41930404,-0.63361764,0.32078424
-0.9240827,-3.5285773,-2.9171407,1.4947927,-0.2506364,0.746276,1.9454405,-0.2759713,0.28683895,-0.17408395
-2.951695,-4.68264,-3.2943468,1.1529871,-0.3130306,-0.5533235,2.0180063,1.6184992,0.31788757,-0.069600075
-2.8884594,-4.907926,-2.7366822,2.1017573,-0.44617796,-0.8616359,0.93763775,1.2799869,0.5150027,-0.14025217
-0.7304322,-3.0509691,-2.2424064,2.1170845,-0.67080706,-0.09617792,-0.63192415,-0.14032222,0.61040395,-0.51388884
-0.36340684,-3.1881385,-1.4607862,2.513821,-0.34697258,0.26738393,-0.8971985,-1.4551995,-0.098648444,0.17422417
-0.30327836,-2.8547256,-1.0703955,0.6996019,-1.1176112,-0.24541344,-0.8238548,-1.2397614,0.1621744,0.111752674
-2.3481123,-4.821288,1.4596299,0.9987767,-0.09838419,0.19590756,0.17229035,-1.2643255,0.07760052,0.8137756
-2.8504188,-5.4007883,2.1177006,-0.33944494,1.3626207,0.79696935,0.5591793,-0.13896446,1.2045175,-0.025870353
-1.7569821,-3.897637,1.4922302,-0.90257394,0.19291325,0.19311641,-0.35773355,-0.3933629,0.77420926,0.25505573
-1.834785,-3.882107,-0.023069827,0.030752392,-0.63420457,-0.668711,0.7365382,-1.0712231,0.067756176,0.44043586
-0.30434483,-2.3506465,-1.3190947,-0.105195284,-0.673814,0.33932015,1.134067,-1.346829,-0.03839009,0.37050605
-1.7728004,-3.7832544,-2.4331427,1.7170419,-0.35186377,-0.5381558,1.1202183,-1.0309012,-0.05624992,0.037283346
-1.99645,-3.5838232,-2.719485,1.9652096,0.7838221,0.31472823,0.6696391,-0.20718853,0.6446747,0.066527784
-3.0044792,-3.778474,-2.9302688,1.2818395,0.42182654,-0.20009565,0.53321534,1.005977,0.3256486,0.29519817
-3.7427964,-4.868196,-2.5493567,2.2144408,0.3304253,-1.1363311,0.081710406,1.1223773,0.35370877,0.21755788
-1.3085433,-2.5781167,-2.2063267,1.6188864,0.31096253,-0.068348326,-1.2609742,0.1384516,0.5090464,0.044046197
-1.095326,-2.5840936,-1.7883943,1.1757017,-0.9414347,-1.2609835,-1.4934733,-0.5354075,-0.43932456,0.6786702
-1.2044606,-2.8049662,-0.5717883,-0.22338843,-0.3779614,-0.5754005,-1.0954747,-0.55065984,0.046039935,0.6583622
-3.402881,-5.4281473,2.7396886,-1.0624932,0.24030267,-0.9069315,-0.9015066,0.9475997,0.03748669,1.5350195
-3.528353,-5.6144366,3.2572293,-0.97818166,1.4524792,0.5048582,-1.0436544,1.067895,0.8838891,0.59992194
-0.645643,-3.0135336,1.6138711,-1.1278793,1.6588881,1.9547955,-1.6006396,-0.16542736,1.0967382,0.47270563
-1.6797007,-4.181859,1.1444763,0.18940318,0.8722752,0.7279073,-0.7790401,-0.4938068,0.026872002,0.93118626
0.12322846,-2.3446054,-0.74259835,0.61684954,0.66688323,1.1798557,-1.4129792,-0.817254,-0.010272407,0.74023575
-0.5363065,-2.542002,-2.4628286,1.383849,0.9868374,1.207309,-0.99976945,-0.75916034,-0.23861599,0.8798295
-1.1420274,-2.4656394,-3.0703375,0.7551595,1.4631283,1.7542398,-0.5196458,0.38732278,0.2505709,0.515108
-2.4882224,-3.4252834,-2.7859943,1.1396828,1.6600956,1.3676862,-0.89603543,1.5612441,0.07248545,0.7307114
-2.9781568,-4.012935,-2.690456,1.5451653,1.5902114,0.7859346,-0.6586818,1.830405,0.23402938,0.39768326
-0.51584446,-1.8387643,-2.5281236,0.8021896,1.2252045,1.8902632,-1.9968001,0.57594395,0.1901321,0.14258556
-0.60589314,-2.9745743,-1.6347057,1.5661111,0.1657033,0.6753267,-2.084582,-0.33501732,-0.56275636,0.5641231
0.1159519,-2.510861,-1.1457804,0.44703245,0.46738496,1.7001911,-2.149856,-0.47116756,-0.18310508,0.4129058
-1.3557568,-3.7659829,0.45745173,-0.7200878,0.9413524,1.7647482,-1.0454584,0.30481455,0.010316532,0.63413787
-2.3966293,-4.839934,2.3180509,-0.6440186,0.8509823,1.3868258,-0.480703,0.6501382,0.4941004,0.4175362
0.03405151,-2.5625043,1.1902869,-1.2427793,1.4986144,2.910982,-0.9665987,-0.21061805,0.80363494,0.37803003
-1.403931,-3.729562,1.0043209,0.010829,1.0475181,1.4863932,-0.61036634,-0.470592,0.06398924,0.920781
-0.20944418,-2.3173099,-0.64120513,0.5374949,0.78242135,1.5537732,0.095482826,-0.9335091,-0.1308304,0.77440727
-0.9094431,-2.5489783,-1.8029584,1.0905637,0.4082368,1.0534623,0.7204087,-0.8237675,-0.38624448,0.80672747
-1.4773221,-2.7663927,-2.551577,1.1594251,1.2521348,1.6567053,1.3406644,0.2684059,0.10823912,0.43949583
-3.33043,-4.07603,-2.606948,1.5267009,1.1695362,0.60438293,0.9424623,1.6723098,0.34844545,0.35427824
-3.1999185,-3.9076622,-2.508775,1.8339559,1.6353916,1.1130086,-0.12445818,1.4788547,0.44645515,0.414163
-1.402927,-2.1453383,-2.5764341,0.83515733,1.1553398,1.3010525,-1.3593297,0.96818423,0.4350216,0.18409745
-1.3009005,-2.4261627,-1.6260271,0.7515175,0.40297693,0.6673247,-1.5092456,-0.01268859,-0.42694408,0.68700814
-1.074359,-2.8677802,-0.14263192,0.2144798,0.77924347,1.254326,-0.9583879,-0.4688706,-0.20533313,0.6930909
-3.0863495,-4.166471,1.630142,-1.1239645,1.3392158,1.1986148,-0.35649776,0.3987015,-0.039177712,1.1474456
-4.1702437,-5.1870522,3.1021402,-1.3656571,2.1844292,0.8565377,-0.62838143,0.8732306,0.20608656,0.2401448
-1.8966116,-3.175039,2.609944,-1.4443,2.254495,1.7795761,-1.0070153,0.0047359257,0.7006644,0.18787947
-2.1171675,-3.1282964,1.1415244,-0.6670854,1.3409936,1.1854392,0.08803952,-0.5244268,-0.5404931,0.6816723
-0.41773415,-1.8990682,-0.7637513,0.10638218,0.6858206,1.5346119,0.15739045,-1.0796795,-0.56474715,0.5277331
-0.9515378,-1.9121621,-2.115537,0.4266636,0.799011,1.6682504,1.3520969,-0.8420679,-0.80996823,0.5673675
-1.338876,-1.7979703,-2.8749754,0.44459927,1.2835442,1.8458135,1.3348397,-0.053586405,-0.29125944,0.35130164
-3.3362877,-3.3711636,-2.6146996,1.1529622,1.3838553,0.8987568,0.6868464,1.4166672,-0.051246338,0.26176238
-3.7468584,-3.6802416,-2.7258534,1.4354404,1.6309536,0.85909927,0.32420602,1.4947138,-0.16450177,0.49269617
-1.3941678,-1.9557655,-2.39188,0.90603733,1.1967963,1.6892538,-1.1526362,0.5338501,-0.106900066,0.100356124
-1.4631515,-2.4419615,-1.8694135,1.2394283,0.7772542,0.873357,-1.2557145,-0.6072051,-0.93213,0.6203751
-1.2003125,-2.33557,-1.0079963,0.18202588,1.1187377,1.2418454,-0.95579934,-0.60592055,-0.6585715,0.54006374
-3.8020294,-4.4851837,1.5075827,-0.43794402,1.212922,0.5332738,0.11221566,0.2872267,-0.6153116,0.57651705
-4.7296185,-5.1895633,3.061212,-1.545007,1.6733266,0.3626994,-0.1157752,1.0804809,-0.28908098,0.44348422
-3.0829377,-3.84618,2.494659,-1.1511595,1.7737309,1.0529339,-0.76408404,0.19322823,-0.2820656,0.35777435
-2.6915913,-3.2491362,0.8365588,0.1091885,0.804324,0.40315238,-0.3062403,-0.64308304,-0.81247455,0.7888678
-1.3825653,-1.893651,-0.76743937,0.43525383,0.55373955,0.553051,-0.84285295,-1.0053238,-0.9609054,0.6794118
-2.3881035,-2.5063143,-2.1864061,1.4782915,1.0423133,0.35585937,0.1583017,-0.76383233,-0.79533184,0.5058322
-2.72604,-2.3830106,-2.4164395,1.2391049,1.188952,0.7307958,0.519401,0.26187423,-0.39807945,0.31927302
-4.266082,-3.3423603,-2.6055226,1.4036574,1.4106023,0.02440028,0.23626438,1.2248827,-0.46434632,0.40994158
-4.1322155,-3.212375,-2.4558525,1.7618722,1.4478971,-0.15456347,-0.2139494,0.8541588,-0.29073057,0.40815073
-2.6325448,-1.8371315,-2.4648273,1.2397423,1.5781552,0.52394974,-0.65736055,0.22024378,-0.2565321,0.19503413
-2.6796644,-1.9523711,-1.726296,1.3832003,1.0816582,-0.40431,-1.2060869,-0.8173215,-0.93578404,0.7200746
-2.1963105,-2.2596629,-0.6290835,0.64692706,1.1844736,0.025626265,-0.6979451,-0.926995,-0.72801703,0.612868
-4.788877,-4.6330786,1.7040677,-0.52179766,1.2940929,-0.30481854,0.61724305,0.26416674,-0.9741806,0.6971386
-5.1806073,-4.6587033,2.5042787,-1.2220254,1.794749,-0.073801205,0.15660156,0.6625143,-0.6284123,0.412559
-2.5846994,-2.154269,1.4750296,-1.7091709,1.8888749,0.8951879,-0.6802532,-0.07521234,-0.36711773,0.36964497
-3.8700228,-3.1065214,1.3377709,-0.07986171,1.4184276,-0.46617395,-0.21813814,-0.65942323,-0.84296787,0.8891736
-1.6291429,-0.6990564,-0.9639133,-0.11109382,1.3744912,0.6058018,-0.24977194,-1.2942208,-0.92618424,0.9234104
-2.5749278,-1.5891842,-2.0147889,0.8282753,0.9781305,0.119237214,0.8638373,-1.2615883,-1.0685811,0.9513134
-3.8789268,-1.9341483,-2.5165415,1.037754,2.026706,0.07359404,1.0378219,0.19528477,-0.30986187,0.36201698
-5.45049,-2.4060025,-2.7921445,0.56176925,2.55066,-0.07692027,1.1422,1.5999094,-0.030239208,0.69747365
-6.034692,-2.7191644,-2.6334677,1.1946946,2.785518,-0.6856291,0.06287165,1.5261775,-0.061502602,0.6196686
-3.6760685,-0.37823918,-2.9912941,-0.096511625,2.8071136,0.6281248,-1.21013,0.68838215,0.25720948,0.5631059
-3.0059621,-0.43211153,-2.2492535,0.0811443,1.9715681,0.23815385,-1.2575996,-0.45263502,-0.64509934,1.0561489
-2.7930427,-1.1520573,-1.1575377,-0.081893116,1.8504322,0.3383425,-1.0556848,-0.9379147,-0.616666,0.8095252
-5.7774415,-3.677416,1.5204595,-1.0393227,2.4941232,-0.16325995,-0.23819585,0.25251645,-0.68207216,1.0320685
-4.995664,-2.4678187,1.4852655,-1.1917486,1.7450287,-0.3663536,0.7505856,-0.3067308,-0.4470595,0.6937546
-2.9325376,-1.121586,1.0133561,-1.7816415,2.632629,1.0664471,0.16824868,-0.6146761,0.0794964,0.46381417
-4.195871,-1.9990029,0.9183992,-0.34715402,1.9001194,-0.15989763,0.16221564,-0.95396376,-0.8463104,1.045777
-2.2802322,0.41089875,-1.1321175,-0.24132103,2.0722227,0.36365223,1.0795879,-1.7446028,-0.7107421,1.0249097
-3.4631076,-0.37885055,-2.1167285,0.83767384,1.9076831,-0.3633898,1.7952253,-1.528592,-0.73001105,0.9342998
-4.470921,-0.832577,-2.4372532,0.9805301,2.4213676,-0.17020105,1.697722,-0.2277584,-0.2388835,0.5225871
-6.301714,-1.6615803,-2.8560867,0.7074423,3.1484406,-0.50477874,1.0571698,1.3652127,0.06359426,0.8343048
-6.487223,-2.2369955,-2.4339807,1.6086576,2.8332565,-0.9523692,0.11535673,1.3338698,0.10576672,0.66226965
-3.526702,-0.504299,-2.300998,1.1131319,1.8609493,0.06370273,-1.4813776,-0.09673819,-0.13859385,0.37061357
-3.3487983,-1.1328163,-1.5743862,1.2882913,1.3851149,-0.4633867,-1.4527642,-0.69634336,-1.1476367,0.8356918
-3.045014,-1.0279354,-0.6082373,0.2976106,1.5825917,0.07006521,-0.8337696,-0.83216554,-0.74107975,0.49565306
-5.190107,-2.3183072,0.73970526,-0.5746083,2.048958,-0.033225846,-0.44531393,-0.027309462,-0.89636743,0.90183413
-6.2759137,-3.616078,1.8100141,-0.9890271,2.1021502,-0.092716716,0.5643129,0.38934737,-1.0686839,0.09421245
-4.5815086,-2.2441802,2.48298,-1.7146508,3.077415,0.9826132,-1.2500303,0.25446695,-0.16554278,0.12428952
-4.73048,-1.6930338,0.8053789,-0.51881456,1.938639,0.096436955,0.02696653,-0.84586114,-1.3713197,0.5315414
-3.1231856,-0.13684432,-0.82702833,-0.059284452,1.7540927,0.025351625,0.008101224,-1.3424017,-1.124935,0.7680993
-3.9934554,-0.5551827,-2.1237013,1.0463735,1.6145706,-0.25655907,0.65000725,-1.1925328,-1.0414537,0.82822764
-4.9038796,-0.5529606,-2.8151252,0.75737065,2.675584,0.16784187,0.103722855,0.06382267,-0.5481909,0.50520515
-6.381994,-1.0927329,-2.8686154,0.81435394,3.0179813,-0.41395536,0.22581753,0.93877447,-0.34848928,0.6795811
-7.2311015,-2.0625806,-2.8099222,1.3531408,3.3573434,-0.5854042,-0.13896129,1.6294949,-0.08060646,0.58124137
-4.9454136,0.17975017,-2.530466,0.80555683,3.03032,-0.10085876,-1.8521491,0.37427318,0.05646319,0.23683864
-4.820691,0.3555637,-2.123001,1.1035295,2.5286984,-1.0628355,-1.9148792,-0.95188844,-0.54627705,0.64973307
-4.9449697,0.44110984,-0.7789375,-0.03134409,3.0441937,-0.9717209,-1.9200755,-1.5124592,-0.37359676,0.5568599
-7.101432,-1.6268394,1.4660741,-0.8335433,3.2519913,-1.4966887,-1.119589,-0.47721455,-0.1585726,0.66141057
-7.749606,-2.160846,2.8698335,-1.3284163,2.8877804,-2.3400118,-0.54089296,0.21117355,0.20758674,0.0805127
-5.7420917,-0.23360026,2.3432002,-1.6747073,3.6327713,-0.84062517,-1.1298598,-0.7071415,0.7948835,-0.083187155
-6.1412663,0.42444456,1.2522376,-0.7696521,3.1496744,-1.6617534,-0.40879345,-1.6258682,0.15475848,0.48092857
-4.725158,2.5292997,-0.67805827,-0.30635366,3.1997445,-1.6490666,-0.2844388,-2.3362134,0.06977309,0.49201295
-5.760237,2.7181702,-1.8611152,0.48983523,3.3604763,-2.3191245,0.95275,-2.7487,0.24763836,0.56526303
-6.8629193,2.824689,-2.5328646,0.1603017,4.722413,-2.0978398,1.7046866,-1.3326603,1.2673229,0.038003635
-8.308637,2.0411558,-2.5530975,0.37469748,4.9245944,-2.4133246,1.0351013,-0.24354988,1.2977664,0.033642374
-7.414416,1.8352389,-2.7460556,0.308872,4.382781,-1.5765723,-0.028968995,0.016461093,0.921148,0.030626921
-4.6165857,3.2568903,-3.1177306,-0.89045507,3.8703592,0.29169992,-1.4782404,-0.28176516,0.9358863,-0.22592476
-4.321389,0.8971826,-1.6312928,0.78518426,1.8051832,-0.19858706,-1.8630958,-0.94673336,-0.79070497,-0.06952546
-3.3920925,0.305472,-0.7414412,-0.8612904,1.6310254,1.4105307,-1.803939,-0.16709358,-0.7475915,-0.26299053
-5.2678576,-1.7976708,1.6067406,-2.3733845,2.1060357,2.764787,-0.42590562,1.3148155,-0.97711575,-0.015140492
-5.9947,-2.6369796,2.9557948,-2.7803297,2.4388258,2.6046045,0.09375804,1.5186244,-0.99968356,-0.48413506
-2.5697536,0.18872368,1.4941133,-3.078415,2.355068,3.705884,-1.4489547,0.74214894,-0.25048447,-0.58792
-3.7772436,0.2625999,0.6462033,-2.1126218,1.7054749,2.7945101,-0.45730653,-0.091521986,-1.2149603,-0.064082496
-1.9595238,2.2459488,-0.9293851,-1.945613,1.6895417,3.2803187,0.48378596,-0.78712595,-1.1620232,0.10747028
-2.6694689,2.5278785,-2.3402407,-1.4095721,1.7451817,2.7130563,1.4775624,-0.6818518,-1.055402,-0.14330755
-3.9567287,2.283177,-2.7195604,-1.1819438,2.577435,2.225316,1.605196,0.22702399,-0.47554636,-0.32220587
-5.1657453,1.5926155,-2.7474267,-1.1112736,2.5602145,1.9628671,0.37424493,1.4394209,-0.4477483,-0.41143644
-5.692058,1.2125231,-2.7708461,-0.5814487,2.6109896,1.2390943,-0.43203053,1.4753478,-0.20488572,-0.3002251
-3.4805768,2.5762854,-2.5281422,-0.70731825,2.2791395,1.6857708,-1.3305135,0.21816732,-0.08595501,-0.62222725
-3.518724,2.6802988,-1.438724,-0.6746791,1.7648151,0.93870705,-0.79350084,-0.8064518,-0.7147373,-0.13826664
-3.2555618,2.8373194,-0.8073867,-1.2553524,2.000776,1.0417626,-0.569452,-1.063535,-0.47338942,-0.530149
-6.709776,-0.1279826,1.8650502,-2.1513634,2.746041,0.72456825,0.48363975,0.24656549,-0.58325106,-0.35459894
-7.434782,-0.60954237,3.0643985,-3.100793,2.5998945,-0.020165417,-0.07752667,1.3756884,0.021323737,-0.70568186
-4.8815956,1.1614077,1.972565,-3.0774572,2.7711232,0.892282,-0.7144881,0.3986036,0.32614425,-0.9676073
-5.38884,1.3430396,0.95225847,-1.1468322,1.0950965,-0.5695583,-0.6941692,-0.5616921,-0.65040106,-0.45284492
-3.5272162,3.368077,-1.0925777,-0.74315286,1.059493,-0.021216426,-1.1254392,-1.4381052,-0.74613816,-0.17989051
-4.6192384,2.111064,-2.2229602,-0.32247573,0.9811631,0.101306394,0.4996256,-0.76290816,-0.96798384,-0.30765793
-5.784981,1.4933995,-2.4108343,-0.32262078,1.5986644,0.123195186,1.9029434,0.7226227,-0.5150186,-0.7180271
-7.177002,0.7026662,-2.5885077,-0.22798783,1.9843764,-0.16105428,0.89967597,2.0797637,-0.18839972,-0.58032674
-7.2703533,0.25973466,-2.3844151,0.52303654,1.7214499,-0.75363773,-0.13838996,2.0202632,0.098797955,-0.6399676
-5.1616793,1.9237136,-2.2380528,0.14281574,1.2368317,-0.0909822,-1.3238913,0.5485607,-0.2280352,-0.6821549
-4.3558307,2.801311,-1.6540939,-0.41527063,0.8479267,-0.20983271,-1.3927424,-0.8645472,-0.8546988,-0.28084758
-4.6756797,2.3471289,-0.2630114,-1.1213046,1.2069204,-0.41335997,-0.9491523,-1.0245874,-0.51803,-0.5429713
-8.30807,-0.5522268,2.6341012,-1.843439,2.0878258,-1.3932264,0.09116786,0.3480755,-0.3324461,-0.5847688
-8.296007,-0.48069105,3.5962677,-2.3398561,2.1922548,-1.4501809,0.5915275,0.6058132,0.19018549,-0.87472194
-5.1907425,2.522045,2.0202482,-2.8724189,2.6249115,0.1929411,0.084811464,-0.49332753,0.7507369,-0.78198147
-6.544749,2.3407338,1.292218,-0.9787586,1.5844928,-1.8410841,1.6795832,-1.8861873,-0.335063,-0.5064915
-4.628242,4.9220076,-0.6686021,-0.96856713,2.2102327,-1.3240267,1.8230765,-2.3221283,-0.112197846,-0.3461145
-5.1486244,4.4764624,-1.6568947,-0.29070464,1.913018,-1.3410174,2.3126674,-1.8885044,-0.3944306,-0.42850754
-6.464802,3.55045,-2.1708343,-0.42239013,2.252457,-1.192167,2.423409,-0.30457515,0.053460572,-0.6176096
-8.152592,2.1848693,-2.5134013,-0.41638857,2.9429479,-1.524046,2.533025,1.1619542,0.6692353,-0.81448126
-7.9443107,1.6291813,-1.9952145,0.3898867,2.186821,-1.6668769,1.1412311,1.1133642,0.5679515,-0.82739806
-5.571032,3.5176325,-2.0032077,-0.2629435,1.9652541,-0.99136126,-0.38600963,-0.41334313,0.4076997,-0.8109897
-5.2669845,3.6014931,-1.1730622,-0.02899543,1.3814526,-1.39344,-0.92145634,-1.7300304,-0.17019224,-0.6573927
-5.5156784,3.477346,0.120408475,-0.6222949,1.5977784,-1.7485013,-0.769289,-1.904961,0.24517302,-0.8567758
-7.593114,2.0383325,1.6990186,-1.9130837,1.973813,-1.7583705,0.063311964,-0.81290954,-0.00464597,-0.6766815
-7.338578,1.5846376,2.7526686,-1.5233694,2.176642,-1.7817802,-0.14802192,-0.7019967,0.7715636,-1.0479916
-5.4856267,3.2013128,1.5783349,-1.5647093,2.6366048,-1.1705953,-0.88504326,-1.4377064,0.8242684,-0.8914904
-5.2704325,4.3068895,0.089825585,-0.62462085,1.7019058,-1.473149,0.49869433,-2.1715865,0.31888944,-0.61511046
-3.972489,5.245644,-0.9162327,-0.5071333,1.9187067,-0.830826,0.5957082,-2.519027,0.1816609,-0.4898693
-5.3462324,3.9086056,-1.7745992,0.31598058,1.5210227,-1.2578328,1.3903733,-1.5883261,-0.064416714,-0.5612136
-5.5475526,3.154593,-2.065405,0.1102011,1.7296246,-0.4472319,1.0889766,-0.09745625,0.2673724,-0.7087759
-7.361183,1.719828,-2.3611298,0.14187668,2.4785101,-1.0082606,1.4080777,1.3912456,0.73417,-0.79717904
-7.4364476,2.030483,-1.9911851,0.5182775,2.238152,-1.4539111,0.41116482,0.7392861,0.56859016,-0.6283321
-4.9640803,4.0365167,-2.1296248,-0.2856195,2.2812726,-0.8100402,-1.2601047,-0.43061656,0.7802654,-0.8020644
-4.924739,3.4385202,-0.9535668,0.49144712,1.3371527,-1.5038457,-1.6506815,-1.6035937,0.086973816,-0.62473315
-4.559734,2.963415,0.3859748,-0.5646563,1.6093129,-1.2799733,-1.0916265,-1.4077134,0.33383277,-0.78881276
-6.360658,1.696624,1.5899565,-1.1945608,1.5822171,-1.3923123,-0.103959285,-0.7436363,0.4573595,-1.0051385
-7.7766137,0.66095763,3.2913296,-1.8530977,1.5510656,-2.191321,0.29219246,-0.308156,0.6311529,-0.8452345
-5.1689315,2.9841976,2.182025,-2.4644203,2.4765513,-0.7291083,-0.8444731,-0.83145994,1.0039221,-0.9096843
-6.5939,2.4496648,1.7574928,-1.576598,1.3668226,-1.7208303,-0.6547323,-0.9005053,0.03907757,-0.27715713
-4.5452065,4.423098,-0.14724818,-0.91705775,0.8769717,-0.94617194,0.31913126,-1.7288711,-0.17225087,-0.4592188
-5.423229,3.95741,-1.4231309,0.14693436,0.42445347,-1.6496813,1.184079,-1.7122113,-0.44937244,-0.49047315
-6.085727,3.6708229,-2.0903056,-0.074439965,1.2260894,-1.3037515,1.1877216,-0.20665869,0.015286805,-0.74425936
-7.938149,2.5418172,-1.9534931,0.30047622,1.4358449,-2.3280573,1.3566473,0.73736197,0.20034207,-0.6156567
-7.810014,2.6407886,-2.0869265,0.3132653,1.6953727,-2.242714,-0.015347233,0.5473679,0.28742293,-0.44033098
-5.9900646,3.7604125,-1.6014116,0.5141706,1.4989089,-1.7956864,-1.4034224,-0.27519062,0.47548014,-0.82415384
-5.712513,3.4886348,-0.72754467,0.7456114,0.3191141,-2.0568829,-1.5135875,-1.2572008,-0.3391155,-0.56806237
-5.9069977,2.3059907,1.0817134,-0.15395203,0.37859666,-1.8805357,-1.4260851,-1.0356677,-0.16576575,-0.6890575
-8.366948,0.5531878,3.1512523,-1.2041913,0.96188164,-2.2942824,-0.47321728,0.26526332,-0.15920039,-1.0697038
-9.337092,-0.6434905,4.509821,-1.8116221,1.4732928,-2.3388243,-0.23288012,0.97431964,0.49406666,-1.123548
-6.37715,2.2383125,3.034337,-2.6613662,2.4518893,-0.8347691,-1.4103277,0.17795081,0.8023548,-0.9697878
-6.995428,2.4406528,2.1882446,-1.7446129,0.7619831,-1.8684782,0.28840148,-0.584026,-0.096875966,-0.36331636
-4.8364644,4.546238,0.009503622,-0.44789144,0.1790652,-1.417121,0.3778796,-1.8041689,-0.46265876,-0.43425798
-5.7695394,4.075652,-1.3620566,-0.0065489532,0.3644335,-1.6131831,0.7957861,-1.4404955,-0.4914806,-0.40866634
-6.527577,3.8865306,-1.9768357,-0.14825238,0.8080443,-1.578625,0.8370619,-0.15515967,0.29320315,-0.5068145
-7.9552608,2.5454426,-1.9158973,0.45256463,0.80058026,-2.1512625,0.64458966,0.6078953,0.08604436,-0.51518065
-7.721311,2.1036127,-2.0823085,0.6138674,0.74615425,-2.111854,-0.42076635,0.8648255,0.051217318,-0.43490142
-5.7913527,3.167581,-1.5595587,0.45747083,0.54309726,-1.2705756,-1.6389931,0.11358802,0.3042797,-0.78559583
-5.4756136,2.829683,-0.6841536,0.7202695,-0.58851504,-1.4937515,-1.527182,-0.878113,-0.8677029,-0.34804803
-5.7480083,1.6675328,1.2282917,-0.6117477,-0.39428422,-0.86834157,-1.1947336,-0.41258502,-0.72210944,-0.6189732
-6.832825,-0.2096404,2.5197191,-1.0077288,-1.1595823,-0.6138672,-0.3129103,0.66471136,-1.0858679,-0.66966313
-7.232737,-1.9967637,4.280569,-1.5713484,-0.8272278,-0.053219233,0.18368419,1.5367023,-0.7315542,-1.058104
-5.231009,-0.19442987,3.5753012,-2.324237,0.28880322,1.2588352,-0.25494102,1.1771908,-0.4391039,-1.0869639
-5.429005,0.43833843,2.2951279,-0.8373579,-1.2950598,0.7068712,0.14383292,0.38574332,-1.4520974,-0.46118402
-3.395322,2.7110348,-0.08813199,-0.13610524,-1.5852406,0.95149845,-0.37868407,-0.6372516,-1.2629937,-0.38496384
-4.645299,2.3004274,-1.1961918,0.6923066,-1.4387622,0.22808214,-0.7418496,-0.20001923,-1.2328206,-0.4430858
-5.613974,1.5371569,-1.7575605,0.93474764,-0.6445577,0.20428388,-0.374711,1.0054089,-0.6144842,-0.64320093
-7.1001287,0.15204574,-1.5760756,1.2301093,-0.90586644,0.0015062962,-0.005043915,2.255547,-0.83841836,-0.63654757
-6.5444283,0.0016149262,-1.5865849,1.1274012,-1.3384314,0.4499685,-0.5245742,2.390908,-0.8366654,-0.5660879
-4.587577,1.4807566,-1.6613231,0.5060018,-1.1562338,1.3342781,-1.4728081,1.5998536,-0.83700293,-0.60648566
-3.9885569,1.9016864,-0.5913758,0.27175677,-1.6910497,1.280951,-1.5834359,0.15228666,-1.6866492,-0.3943411
-3.5095468,1.8560933,0.5528327,-0.8162718,-1.8468719,1.5769031,-1.0188535,0.10647758,-1.4872233,-0.6919402
-5.128247,0.18066368,2.0513186,-0.88511145,-2.3398805,1.2880871,-0.15374778,0.68611985,-1.6630669,-0.68599993
-6.181268,-1.873172,3.9066455,-1.2721298,-1.6947589,1.1309733,0.520348,1.6019586,-1.1657957,-1.0679295
-4.069643,0.14386727,2.8432038,-1.0168718,-2.0192757,2.0253432,-0.0077368543,0.8366164,-1.1189394,-0.94895464
-4.155093,1.2415031,1.4887198,0.06801811,-2.982992,1.6430047,0.71926576,-0.23439403,-1.8688346,-0.30221143
-2.86916,2.435296,0.12709288,-0.08307406,-2.202148,2.359805,0.4048325,-0.60028476,-1.4925431,-0.23264548
-3.9826567,2.3590143,-0.85903794,0.47448263,-2.2580903,1.7001173,0.49625698,-0.2003134,-1.5475475,-0.12542357
-5.380611,1.5661877,-1.5679203,0.6242783,-1.137206,1.4019377,0.3571751,1.5335575,-1.1213537,-0.25186902
-7.024118,0.34927794,-1.5095805,0.99465424,-1.0186758,1.1728635,0.2623755,2.921945,-0.8060936,-0.28187114
-7.2249837,-0.17708343,-1.2639494,1.6115055,-1.3413162,0.6718011,-0.2727455,2.8039455,-0.77839404,-0.3612017
-4.805784,1.750111,-1.1961308,0.86891204,-1.3171593,1.6681961,-1.3940454,1.6246722,-0.88079894,-0.47998747
-4.149991,2.2398906,-0.28216287,1.0599699,-1.9692396,1.1139357,-1.40145,0.106237486,-1.427565,-0.39462063
-4.0052137,1.9528062,0.73644054,0.048902974,-2.1393178,1.3707762,-1.2688721,-0.24650261,-1.4147657,-0.5990496
-7.3931127,-0.46613184,3.5727558,-1.0583107,-2.1423364,-0.21745718,-0.18490452,1.0765017,-1.5514632,-0.48127154
-6.8465586,-0.4970088,3.8968496,-0.96759796,-1.311556,0.5444499,0.7230234,0.7478178,-0.83638394,-0.95308256
-3.3757966,2.7354002,1.8197703,-1.4327084,-0.9549625,2.2172818,-0.14326416,-0.24457896,-0.5094098,-0.8303326
-5.611287,1.2095189,2.549259,0.17998485,-2.6078358,0.7570016,1.3782699,-0.457425,-1.5394462,-0.024094744
-3.131887,3.442969,0.3992176,0.5746011,-2.5015435,1.6012732,1.3495522,-0.8554165,-1.1608618,-0.11989965
-4.4430676,2.6441832,-0.14718415,1.3367454,-2.7455616,1.2208804,2.2882335,-0.5608765,-1.4412999,0.19688632
-5.3319793,1.8998612,-0.8658972,1.2956958,-2.2157714,1.3948107,1.9796578,0.8317827,-1.0128367,0.025000522
-6.8628716,0.53255516,-1.1141732,1.6058333,-1.5981524,0.75603694,1.3395506,2.242,-0.5844691,-0.20426896
-6.8087616,0.8430019,-1.1139624,1.5787334,-1.751933,0.69652456,0.10013468,1.7909981,-0.9167559,0.046528812
-4.6868825,2.4867756,-1.0060507,1.1508448,-1.4738203,1.5565445,-0.88178074,0.7283007,-0.5621798,-0.24691015
-4.974777,2.3694274,-0.006993748,1.4162853,-2.2008154,0.9131221,-1.3551043,-0.09057299,-1.2835786,0.02626664
-5.185864,1.6906848,1.7667534,0.67444354,-1.88557,0.26546666,-0.9918464,-0.5328464,-1.0195093,-0.5471267
-7.827468,-0.52135384,4.0217075,-0.34337035,-1.3130324,-0.3511375,-0.26638657,0.45120594,-1.080634,-0.3887166
-8.948743,-1.26373,5.5279107,-0.7921585,-0.990418,-0.7165966,0.45806158,1.3109378,-0.49431616,-0.7957707
-4.6627817,2.279312,3.0995328,-1.2429,-1.0290362,1.1667728,0.15096572,-0.09228139,-0.0039698426,-0.7138677
-6.5509524,1.044233,3.5201828,0.52458704,-2.5909548,-0.29264468,0.45613223,-0.6155066,-1.0946351,0.2706109
-4.552849,3.310416,1.7897311,0.30175436,-2.1819549,0.6278166,1.0335232,-1.0498608,-0.7921607,0.43295833
-5.9542184,2.9375772,-0.24232478,1.7425107,-2.4922829,-0.25837886,1.793444,-0.62443745,-0.79042035,0.38697475
-6.6479473,2.6415505,-0.56311,1.6788661,-1.7631767,0.14927827,1.3381355,0.7313824,-0.271101,0.39362955
-8.188861,1.18835,-0.77587473,1.9800044,-1.2428538,-0.7146609,0.9881431,1.8537682,-0.16385809,0.25320682
-8.484955,0.86420375,-0.44991177,2.7301586,-1.6708127,-0.894755,0.17678852,1.68273,-0.4375877,0.18426214
-5.71662,2.6387498,-0.6463168,1.7255367,-1.1150151,0.04623663,-0.75018364,0.7900045,-0.14314944,-0.10058452
-5.7597394,2.2618945,1.0403394,2.021469,-2.1088216,-0.848715,-0.88380665,-0.5206919,-1.0299792,-0.02131268
-5.82805,0.7655308,2.7499883,0.5164078,-1.88692,-0.025493499,-0.38955653,-0.25804132,-1.1864214,-0.17380354
-7.0229344,-0.5001643,3.9452267,-0.37275678,-2.2620664,0.2126086,-0.18716513,0.7471141,-1.3461043,-0.26116714
-8.035401,-1.7493155,5.520062,-0.024964403,-1.9161355,-0.6987545,0.28197038,0.7758083,-0.72233635,-0.40542552
-5.229304,1.4676311,3.8728843,-1.3425317,-0.7752506,1.1756018,-0.28206927,0.2245378,-0.37193453,-0.2927985
-6.5558577,1.2379158,3.6989024,0.2001508,-2.114301,-0.051689807,0.6048687,-0.33759177,-1.0420711,0.42253044
-4.344144,3.9303381,1.3011038,1.0595396,-2.500868,0.59401304,0.87130857,-1.3460691,-0.814739,0.58505106
-5.5991535,3.0875142,0.4183854,1.8529141,-2.7877188,0.04671989,2.025296,-0.8249591,-0.9826903,0.5586366
-5.666964,2.808458,-0.4179801,1.6846511,-2.269551,0.7685864,1.3177857,0.4241521,-0.53799057,0.6054038
-7.8009005,1.2891426,-0.40203822,2.2507792,-1.9781219,-0.038814597,0.91710275,1.9986353,-0.17283426,0.5858999
-7.660316,0.8931427,-0.31105304,2.485694,-2.1532145,-0.1799799,0.2767103,1.8191252,-0.4796183,0.67879164
-5.538656,2.488652,-0.43141934,1.9743648,-1.7658914,0.574144,-0.92676955,1.1586292,-0.25303993,0.09474753
-4.9143414,2.4814973,1.0947839,2.2425935,-3.001161,0.128797,-1.1951997,-0.17568149,-0.80893636,0.62604886
-5.4307075,1.2456142,3.123713,0.7395744,-2.052115,-0.10125217,-0.88449454,-0.30657366,-1.0019356,0.029258287
-7.158042,0.2791571,4.3536863,0.25473017,-2.1114752,-0.40013695,-0.6178002,0.23552456,-1.0232365,-0.13060698
-6.9528627,0.049562726,4.9599867,0.61637735,-1.7861162,0.39225358,0.090232514,0.0074411784,-0.470095,-0.5048892
-4.900303,1.3608104,4.116725,0.28239778,-1.8544704,1.5420198,0.43675777,-0.21195497,-0.1604645,-0.29365242
-3.399957,1.3332423,2.7136846,1.165495,-3.4578001,1.8528012,-0.07443462,0.059716083,-0.11408973,-0.8005011
1.1180243,3.8051682,0.5760732,-0.90131974,-2.9507308,4.365289,-0.16698691,0.7794741,1.9549527,-1.173648
-0.46456808,3.6624599,-0.020526126,0.11176354,-3.4289596,3.7914672,1.5903136,0.84806216,1.4073062,-0.7628872
-2.7440686,3.6517708,-0.41993213,0.9158453,-2.3330462,3.4195893,1.4820238,1.7110974,1.4875754,-0.33738282
-5.3441834,1.723521,-0.35412797,1.8991923,-1.6707019,2.461463,1.5438783,3.0103238,1.4730307,-0.22999592
-5.124088,1.5623554,-0.40814772,2.2539082,-1.8297569,1.8942543,0.6491045,2.604325,1.4263079,-0.27327976
-2.974474,3.0315268,-0.21848768,1.6421994,-2.0279427,2.6834157,-0.931587,1.2929305,0.8300133,-0.46588373
-2.831807,2.624784,0.8699109,2.0887187,-2.8569148,1.8485153,-1.0015064,0.2593818,0.18874161,-0.3829769
-2.8141072,2.5144727,2.1231322,1.4234267,-2.8730054,1.7170742,-0.6930098,-0.0766739,0.30083683,-1.0060962
-5.761241,0.22846743,4.6009164,0.75756335,-2.1368775,0.753492,-0.4507853,0.9109341,0.33655506,-1.1431098
-6.0012197,-0.22101985,5.368948,0.49097395,-1.8028758,0.45558885,0.28628784,0.78507686,1.0232397,-0.902677
-3.9436784,2.2998743,4.0502563,-2.1185212,0.4173526,2.6966548,-0.5945133,1.004767,1.7497514,-0.17859046
-4.8666058,3.334819,3.6841254,1.0184538,-2.6522849,1.1891044,-0.49917918,-0.1966078,0.76472205,0.4889813
-3.351548,4.336092,1.9760939,2.1464958,-2.7916217,1.1743765,-0.9077644,-0.8386348,0.8372899,0.6880376
-4.6334724,4.0787826,1.0834745,2.8914554,-3.1215007,0.73744935,0.18934643,-0.5859579,0.8327281,0.93299145
-5.95173,3.227145,0.15783629,2.9111993,-1.6439124,0.63715345,0.593264,0.8588484,1.377861,0.9397396
-7.3525724,2.2648146,-0.06497558,3.0165217,-1.3335453,0.15429357,0.4609516,1.7581335,1.4258195,0.94727147
-7.503461,1.838565,0.103992276,3.4655967,-1.5369232,0.13587134,0.04297761,1.9525151,1.3969218,0.94445956
-5.1012454,3.8393886,0.28909352,2.651042,-1.6132568,0.8156151,-1.1581445,0.6095687,1.474115,0.7364281
-5.1401763,4.2692156,1.2392708,3.0945265,-1.985148,-0.070989594,-1.2986157,-0.8654255,0.3997063,0.6257537
-5.4851117,3.4933908,3.0276973,2.0069835,-1.7816119,0.11342078,-0.88860816,-1.1061771,0.54473853,0.5623768
-6.884357,2.0084825,4.4218335,1.6507859,-2.335299,-0.15085125,0.05647369,-0.52751535,0.29979107,0.2015621
-8.455834,0.7288585,6.2147746,0.65184844,-1.0101165,-0.617209,0.98671794,0.49639973,1.5297517,-0.025263513
-5.972901,3.9610894,4.911734,-0.3661598,-0.13104281,0.6016846,0.036630243,-0.19253753,1.8778232,0.51807284
-7.4091563,4.862764,4.3951774,1.8152426,-1.4887964,-0.8552378,0.5755849,-1.6809127,1.3183589,1.4364377
-5.254025,6.784283,2.656531,1.9470153,-1.4981606,0.0010200212,-0.69118184,-1.6586697,1.8947877,1.6619893
-6.8359647,6.514718,1.1282196,2.4840574,-1.5436054,-0.55843365,0.3567035,-1.0336679,1.864044,1.9518948
-7.709091,5.910723,0.5220645,2.711799,-0.8032745,-0.909845,1.5130818,-0.0066873673,2.5940077,1.6996359
-8.718173,4.130914,0.40544543,2.956365,-0.6564734,-0.7685025,1.1012267,1.6889313,2.605035,1.2929143
-8.339549,3.6151748,0.27940065,3.1225283,-0.83705556,-0.5079074,0.41604295,1.4636,2.0918999,1.6020161
-5.6765714,4.80203,0.38744467,2.6359005,-0.937323,0.7196825,-1.1634544,0.34538853,1.6890085,1.3264598
-5.3481627,5.0456223,1.5380418,2.7499895,-1.7562379,0.26861122,-1.8585668,-0.9338946,0.8109769,1.2667775
-5.9444017,4.0226674,3.3028262,1.6916151,-1.5926617,0.32462636,-0.95164555,-0.75847214,0.5533199,0.6720595
-7.688426,2.0069692,4.9299474,-0.11813913,-0.79035306,0.7223005,-0.043078825,0.6787928,0.6168161,0.6389005
-7.182599,2.4130867,5.207962,0.27153215,-1.6383718,0.6339494,0.03605406,0.38921186,0.96974516,0.34949195
-4.6129026,4.536988,4.2773933,-0.1883851,-1.0479507,2.2757845,-0.8657366,-0.15168577,1.3761538,0.73933595
-6.57186,3.5975688,4.529684,1.6485007,-2.7521982,0.9597461,-0.4234296,-0.32104698,0.65666723,1.6233377
-4.3563333,5.808751,2.6018925,2.6967552,-2.5381799,1.5853071,-1.0770862,-0.99150395,1.3908592,1.6961169
-5.3939624,5.053164,1.4087352,3.1429472,-3.3647635,1.157246,1.4342446,-0.6842807,0.81698996,1.8798658
-6.018689,4.515311,0.61578524,3.2928293,-2.1587157,1.674517,-0.32259876,0.62639713,1.2945322,1.8137555
