Month,Total Primary Energy Consumed by the Transportation Sector,Electricity Sales to Ultimate Customers in the Transportation Sector,End-Use Energy Consumed by the Transportation Sector,Electrical System Energy Losses Proportioned to the Transportation Sector,Total Energy Consumed by the Transportation Sector,Total Primary Energy Consumed by the End-Use Sectors,Electricity Sales to Ultimate Customers in the End-Use Sectors,End-Use Energy Consumed by the End-Use Sectors,Total Electrical Energy System Losses Proportioned to the End-Use Sectors,Total Energy Consumed by the End-Use-Sectors,Primary Energy Consumed by the Electric Power Sector,Primary Energy Consumption Total
1973 January,1504.805,0.925,1505.729,1.906,1507.635,5526.957,493.052,6020.009,1016.029,7036.038,1509.081,7039.731
1973 February,1438.298,0.871,1439.169,1.599,1440.768,5076.288,476.131,5552.419,873.723,6426.142,1349.854,6428.796
1973 March,1561.293,0.856,1562.149,1.669,1563.818,4961.039,467.793,5428.832,912.067,6340.899,1379.86,6339.964
1973 April,1480.403,0.811,1481.214,1.544,1482.758,4471.126,448.221,4919.346,852.87,5772.216,1301.09,5770.589
1973 May,1622.115,0.823,1622.938,1.707,1624.645,4520.983,448.204,4969.186,929.412,5898.599,1377.616,5895.781
1973 June,1541.377,0.846,1542.223,1.88,1544.103,4091.442,478.68,4570.122,1064.17,5634.292,1542.85,5633.7
1973 July,1584.971,0.913,1585.884,2.048,1587.932,4103.046,520.542,4623.588,1168.118,5791.706,1688.66,5792.383
1973 August,1646.908,0.897,1647.806,2.011,1649.816,4298.072,537.325,4835.397,1204.013,6039.409,1741.337,6041.332
1973 September,1503.443,0.925,1504.368,1.737,1506.105,4106.509,536.74,4643.25,1007.957,5651.207,1544.698,5651.809
1973 October,1577.704,0.893,1578.597,1.815,1580.412,4534.285,498.295,5032.58,1012.275,6044.855,1510.57,6044.923
1973 November,1581.538,0.901,1582.439,1.827,1584.266,4948.157,471.34,5419.497,955.903,6375.4,1427.243,6376.542
1973 December,1534.434,0.87,1535.305,1.817,1537.122,5252.688,468.123,5720.811,977.61,6698.42,1445.733,6700.965
1974 January,1438.094,0.838,1438.932,1.651,1440.584,5237.765,491.281,5729.046,968.065,6697.11,1459.345,6697.586
1974 February,1338.913,0.77,1339.683,1.407,1341.09,4805.625,466.547,5272.172,852.601,6124.774,1319.148,6124.546
1974 March,1480.536,0.787,1481.322,1.578,1482.9,4780.195,463.868,5244.063,930.614,6174.677,1394.481,6173.677
1974 April,1467.557,0.772,1468.329,1.467,1469.796,4349.389,453.82,4803.209,862.071,5665.28,1315.892,5661.961
1974 May,1557.263,0.785,1558.047,1.691,1559.739,4233.934,454.059,4687.993,978.745,5666.738,1432.805,5664.62
1974 June,1525.901,0.778,1526.678,1.596,1528.275,3974.833,484.268,4459.101,994.05,5453.151,1478.318,5451.943
1974 July,1579.05,0.832,1579.882,1.94,1581.822,4073.132,516.956,4590.089,1205.037,5795.126,1721.993,5797.544
1974 August,1601.854,0.849,1602.704,1.82,1604.524,4145.593,539.48,4685.072,1156.294,5841.366,1695.773,5843.598
1974 September,1456.481,0.834,1457.314,1.512,1458.826,4084.563,524.148,4608.712,950.703,5559.415,1474.852,5558.188
1974 October,1569.737,0.804,1570.541,1.669,1572.21,4556.114,482.304,5038.418,1001.04,6039.458,1483.344,6038.628
1974 November,1507.22,0.829,1508.049,1.766,1509.815,4630.208,463.294,5093.502,986.782,6080.284,1450.076,6083.982
1974 December,1564.631,0.844,1565.475,1.87,1567.345,5123.134,480.586,5603.72,1065.134,6668.853,1545.72,6677.062
1975 January,1541.567,0.887,1542.454,1.835,1544.289,5311.299,509.733,5821.033,1055.299,6876.331,1565.032,6877.68
1975 February,1358.921,0.826,1359.746,1.518,1361.264,4615.02,487.824,5102.845,896.896,5999.741,1384.721,5998.725
1975 March,1516.69,0.84,1517.53,1.68,1519.21,4747.519,480.237,5227.756,960.851,6188.607,1441.088,6184.376
1975 April,1508.513,0.785,1509.297,1.506,1510.803,4259.954,463.463,4723.418,889.466,5612.884,1352.929,5608.225
1975 May,1543.321,0.805,1544.126,1.71,1545.835,3874.907,455.734,4330.64,968.126,5298.767,1423.86,5294.079
1975 June,1527.739,0.802,1528.541,1.715,1530.256,3711.675,487.901,4199.577,1043.511,5243.087,1531.412,5241.803
1975 July,1557.676,0.841,1558.517,1.875,1560.392,3784.508,526.144,4310.652,1173.522,5484.174,1699.666,5486.849
1975 August,1557.841,0.85,1558.691,1.867,1560.558,3823.898,548.997,4372.895,1205.226,5578.121,1754.223,5582.4
1975 September,1491.082,0.89,1491.973,1.58,1493.552,3856.905,538.213,4395.119,955.073,5350.191,1493.286,5351.37
1975 October,1568.14,0.856,1568.995,1.749,1570.744,4273.01,483.882,4756.892,989.281,5746.173,1473.162,5746.407
1975 November,1442.08,0.89,1442.969,1.793,1444.763,4241.234,475.154,4716.388,957.423,5673.81,1432.576,5675.651
1975 December,1596.979,0.88,1597.858,1.909,1599.767,5138.893,503.791,5642.684,1093.261,6735.945,1597.052,6740.907
1976 January,1530.972,0.92,1531.892,1.933,1533.824,5422.831,547.759,5970.59,1151.268,7121.858,1699.027,7126.622
1976 February,1418.877,0.847,1419.724,1.542,1421.265,4739.682,523.908,5263.59,954.056,6217.646,1477.964,6218.654
1976 March,1604.907,0.863,1605.77,1.769,1607.539,4669.091,503.15,5172.241,1031.353,6203.595,1534.503,6202.396
1976 April,1582.55,0.779,1583.329,1.506,1584.835,4261.228,485.563,4746.791,938.903,5685.694,1424.466,5683.145
1976 May,1565.236,0.792,1566.028,1.61,1567.638,4147.458,483.835,4631.293,984.356,5615.649,1468.191,5611.677
1976 June,1611.321,0.777,1612.097,1.739,1613.836,3996.94,508.52,4505.46,1138.324,5643.784,1646.844,5642.583
1976 July,1649.041,0.847,1649.888,1.883,1651.771,4045.587,556.178,4601.765,1236.35,5838.115,1792.528,5839.24
1976 August,1606.829,0.843,1607.672,1.804,1609.476,3991.921,575.368,4567.289,1231.192,5798.481,1806.561,5800.932
1976 September,1579.969,0.886,1580.855,1.64,1582.494,3995.336,560.973,4556.309,1038.413,5594.722,1599.386,5594.199
1976 October,1599.466,0.817,1600.283,1.695,1601.978,4509.873,515.159,5025.032,1069.126,6094.158,1584.285,6094.23
1976 November,1598.778,0.839,1599.617,1.837,1601.454,4945.493,514.328,5459.821,1126.007,6585.827,1640.334,6588.508
1976 December,1718.789,0.851,1719.64,1.906,1721.546,5710.312,555.358,6265.67,1243.258,7508.928,1798.616,7513.884
1977 January,1580.641,0.928,1581.569,2.118,1583.687,5767.7,588.061,6355.761,1341.758,7697.519,1929.819,7702.837
1977 February,1525.826,0.854,1526.679,1.573,1528.252,4941.058,563.997,5505.055,1039.093,6544.149,1603.091,6545.058
1977 March,1656.761,0.911,1657.672,1.894,1659.566,4792.937,532.969,5325.906,1108.266,6434.172,1641.235,6430.677
1977 April,1638.726,0.803,1639.529,1.621,1641.15,4325.704,504.725,4830.428,1019.42,5849.848,1524.145,5844.606
1977 May,1618.43,0.831,1619.26,1.893,1621.153,4203.969,507.03,4710.999,1155.492,5866.491,1662.522,5862.356
1977 June,1675.661,0.829,1676.49,1.909,1678.4,4166.936,543.511,4710.447,1252.359,5962.806,1795.871,5961.157
1977 July,1667.019,0.877,1667.896,2.078,1669.974,4060.312,597.093,4657.405,1414.225,6071.63,2011.318,6073.979
1977 August,1713.623,0.863,1714.486,1.931,1716.416,4202.633,609.349,4811.982,1363.549,6175.532,1972.898,6179.614
1977 September,1645.199,0.88,1646.079,1.753,1647.832,4199.905,587.756,4787.662,1170.672,5958.334,1758.429,5961.122
1977 October,1666.977,0.885,1667.862,1.783,1669.645,4508.94,543.696,5052.636,1095.353,6147.989,1639.049,6147.777
1977 November,1646.948,0.871,1647.819,1.877,1649.695,4706.903,516.277,5223.18,1112.588,6335.768,1628.865,6337.79
1977 December,1750.471,0.898,1751.368,2.039,1753.407,5463.434,553.342,6016.776,1256.494,7273.27,1809.836,7277.954
1978 January,1647.08,0.902,1647.982,2.024,1650.006,5581.357,602.726,6184.083,1351.712,7535.796,1954.439,7543.179
1978 February,1575.349,0.86,1576.21,1.696,1577.906,5163.345,579.791,5743.136,1143.376,6886.512,1723.167,6894.447
1978 March,1762.218,0.827,1763.045,1.699,1764.744,5081.461,557.541,5639.002,1145.467,6784.469,1703.008,6790.907
1978 April,1669.581,0.734,1670.315,1.445,1671.76,4469.311,513.114,4982.425,1009.856,5992.281,1522.97,5990.837
1978 May,1785.037,0.766,1785.803,1.688,1787.49,4483.456,516.932,5000.388,1139.285,6139.672,1656.216,6134.802
1978 June,1742.294,0.799,1743.093,1.783,1744.877,4150.107,564.751,4714.858,1260.647,5975.505,1825.398,5971.979
1978 July,1722.111,0.872,1722.983,1.978,1724.96,4171.552,611.137,4782.689,1386.34,6169.028,1997.476,6166.785
1978 August,1800.235,0.841,1801.076,1.898,1802.974,4291.639,628.569,4920.208,1418.245,6338.452,2046.813,6338.316
1978 September,1654.523,0.881,1655.405,1.703,1657.108,4111.406,623.161,4734.567,1204.109,5938.677,1827.27,5936.76
1978 October,1734.818,0.822,1735.64,1.666,1737.306,4569.58,568.855,5138.436,1152.765,6291.201,1721.621,6286.896
1978 November,1722.261,0.868,1723.129,1.886,1725.015,4823.949,542.938,5366.887,1179.042,6545.928,1721.98,6543.604
1978 December,1767.324,0.854,1768.178,1.94,1770.117,5433.15,575.635,6008.785,1307.8,7316.585,1883.435,7317.212
1979 January,1735.484,0.936,1736.42,2.116,1738.536,5847.88,632.54,6480.421,1429.359,7909.779,2061.899,7914.409
1979 February,1668.787,0.855,1669.642,1.693,1671.335,5410.19,619.329,6029.519,1226.067,7255.586,1845.396,7259.095
1979 March,1833.141,0.835,1833.975,1.655,1835.63,5205.315,591.126,5796.44,1171.875,6968.315,1763.001,6966.106
1979 April,1650.84,0.776,1651.616,1.504,1653.12,4491.014,551.232,5042.246,1068.496,6110.743,1619.729,6107.015
1979 May,1738.872,0.779,1739.651,1.622,1741.273,4466.22,544.388,5010.608,1133.995,6144.604,1678.383,6141.291
1979 June,1675.01,0.789,1675.799,1.704,1677.503,4167.048,569.326,4736.374,1230.433,5966.808,1799.76,5965.505
1979 July,1659.318,0.827,1660.146,1.895,1662.041,4111.628,608.493,4720.121,1393.531,6113.652,2002.024,6114.416
1979 August,1743.763,0.879,1744.642,1.941,1746.583,4288.928,639.098,4928.026,1411.835,6339.862,2050.934,6341.208
1979 September,1629.215,0.89,1630.104,1.726,1631.83,4117.806,612.932,4730.738,1189.053,5919.791,1801.985,5917.473
1979 October,1735.304,0.852,1736.155,1.816,1737.972,4626.685,566.215,5192.899,1207.565,6400.464,1773.779,6399.177
1979 November,1642.866,0.853,1643.719,1.815,1645.534,4786.93,553.669,5340.598,1177.521,6518.119,1731.19,6519.619
1979 December,1724.684,0.847,1725.531,1.857,1727.388,5325.034,578.242,5903.276,1267.911,7171.187,1846.153,7175.16
1980 January,1679.475,0.996,1680.471,2.151,1682.622,5449.764,612.744,6062.508,1323.145,7385.653,1935.889,7384.294
1980 February,1625.748,0.926,1626.675,1.865,1628.54,5133.824,609.796,5743.62,1227.62,6971.24,1837.416,6970.041
1980 March,1687.549,0.905,1688.454,1.853,1690.307,5038.661,594.961,5633.622,1217.978,6851.6,1812.939,6847.703
1980 April,1675.176,0.839,1676.015,1.599,1677.615,4378.844,551.724,4930.568,1051.195,5981.763,1602.919,5974.14
1980 May,1653.262,0.872,1654.134,1.857,1655.99,4153.931,528.352,4682.283,1125.184,5807.467,1653.536,5800.597
1980 June,1587.486,0.861,1588.347,1.918,1590.265,3859.633,562.543,4422.177,1252.904,5675.08,1815.447,5674.328
1980 July,1641.647,0.933,1642.58,2.223,1644.803,3808.67,634.229,4442.899,1510.89,5953.789,2145.119,5959.653
1980 August,1598.015,0.941,1598.955,2.091,1601.046,3750.035,670.335,4420.37,1489.939,5910.31,2160.275,5916.072
1980 September,1591.533,0.987,1592.52,1.913,1594.433,3926.656,648.754,4575.41,1258.189,5833.599,1906.943,5836.936
1980 October,1676.638,0.927,1677.565,1.908,1679.473,4411.88,580.313,4992.193,1194.551,6186.744,1774.864,6187.085
1980 November,1541.419,0.911,1542.33,1.972,1544.302,4528.858,553.338,5082.196,1197.854,6280.05,1751.192,6281.275
1980 December,1699.511,0.971,1700.482,2.128,1702.61,5287.429,599.171,5886.6,1312.685,7199.285,1911.856,7203.38
1981 January,1704.736,0.969,1705.706,2.014,1707.72,5458.077,654.93,6113.007,1360.906,7473.913,2015.836,7476.354
1981 February,1507.341,0.91,1508.25,1.649,1509.899,4582.996,621.691,5204.687,1126.762,6331.449,1748.453,6331.07
1981 March,1638.97,0.902,1639.872,1.866,1641.738,4648.792,589.684,5238.476,1219.331,6457.806,1809.014,6455.856
1981 April,1592.455,0.842,1593.296,1.704,1595,4039.22,557.947,4597.167,1129.238,5726.405,1687.185,5723.95
1981 May,1617.615,0.87,1618.484,1.849,1620.333,4022.721,556.746,4579.467,1183.624,5763.091,1740.37,5764.424
1981 June,1648.04,0.869,1648.909,1.956,1650.865,3818.022,610.159,4428.181,1373.241,5801.421,1983.4,5804.567
1981 July,1671.287,0.914,1672.2,2.025,1674.225,3854.02,674.943,4528.963,1495.907,6024.87,2170.85,6025.952
1981 August,1633.542,0.917,1634.459,1.928,1636.387,3854.313,677.143,4531.456,1423.939,5955.395,2101.082,5955.566
1981 September,1593.731,0.919,1594.65,1.772,1596.422,3831.343,635.485,4466.828,1225.905,5692.732,1861.39,5690.25
1981 October,1614.32,0.901,1615.221,1.854,1617.075,4225.225,584.645,4809.87,1203.43,6013.3,1788.075,6011.792
1981 November,1554.734,0.916,1555.65,1.897,1557.547,4272.138,563.036,4835.173,1166.143,6001.317,1729.179,6000.199
1981 December,1699.687,0.943,1700.63,2.067,1702.697,4997.405,599.507,5596.911,1314.348,6911.259,1913.855,6915.734
1982 January,1569.019,1.019,1570.038,2.179,1572.217,5198.503,655.374,5853.877,1400.915,7254.793,2056.289,7254.037
1982 February,1490.569,0.957,1491.526,1.723,1493.249,4535.692,623.731,5159.423,1123.444,6282.868,1747.176,6279.099
1982 March,1629.996,0.933,1630.929,1.854,1632.783,4559.558,593.549,5153.106,1179.897,6333.003,1773.446,6329.415
1982 April,1647.141,0.879,1648.02,1.686,1649.706,4205.297,561.314,4766.611,1076.939,5843.549,1638.252,5839.641
1982 May,1607.833,0.897,1608.73,1.891,1610.621,3721.518,541.039,4262.557,1140.735,5403.292,1681.773,5400.523
1982 June,1599.897,0.87,1600.767,1.828,1602.595,3585.641,575.738,4161.379,1210.162,5371.541,1785.9,5370.515
1982 July,1610.077,0.904,1610.981,2.071,1613.052,3574.631,626.331,4200.962,1433.841,5634.803,2060.171,5638.438
1982 August,1590.253,0.875,1591.128,1.868,1592.997,3612.595,647.394,4259.989,1381.984,5641.972,2029.378,5645.483
1982 September,1544.693,0.925,1545.618,1.81,1547.428,3604.066,608.346,4212.412,1190.15,5402.562,1798.496,5404.579
1982 October,1563.675,0.911,1564.586,1.877,1566.463,3874.349,557.576,4431.925,1148.922,5580.847,1706.498,5582.69
1982 November,1583.217,0.916,1584.132,1.919,1586.051,4111.295,547.556,4658.851,1147.59,5806.441,1695.146,5809.877
1982 December,1616.447,0.916,1617.363,1.915,1619.279,4457.833,580.99,5038.823,1214.187,6253.01,1795.178,6258.576
1983 January,1506.39,1.146,1507.536,2.344,1509.88,4830.664,611.348,5442.012,1250.742,6692.755,1862.09,6694.192
1983 February,1370.224,1.093,1371.318,1.919,1373.236,4232.787,591.862,4824.649,1038.752,5863.402,1630.614,5862.584
1983 March,1672.509,1.089,1673.598,2.179,1675.777,4494.226,571.795,5066.021,1144.212,6210.233,1716.007,6211.44
1983 April,1538.215,0.995,1539.21,1.844,1541.054,4060.443,558.911,4619.354,1036.205,5655.559,1595.116,5651.552
1983 May,1615.541,0.982,1616.524,1.991,1618.514,3827.347,542.232,4369.579,1098.885,5468.464,1641.116,5466.313
1983 June,1639.34,0.984,1640.324,2.066,1642.39,3637.204,585.514,4222.718,1229.308,5452.026,1814.821,5454.507
1983 July,1621.271,1.067,1622.338,2.381,1624.719,3591.369,662.451,4253.821,1478.41,5732.231,2140.862,5735.689
1983 August,1664.014,1.088,1665.101,2.363,1667.465,3680.748,710.088,4390.836,1542.57,5933.406,2252.658,5938.368
1983 September,1603.287,1.1,1604.386,1.988,1606.374,3604.104,688.958,4293.063,1245.356,5538.419,1934.314,5539.393
1983 October,1616.601,1.026,1617.627,2.044,1619.672,3749.142,601.56,4350.702,1198.854,5549.556,1800.414,5547.725
1983 November,1579.636,1.037,1580.672,2.116,1582.788,3987.68,581.656,4569.337,1187.294,5756.631,1768.951,5754.351
1983 December,1707.128,1.069,1708.197,2.397,1710.595,4582.043,632.682,5214.725,1418.931,6633.656,2051.613,6633.021
1984 January,1618.182,1.273,1619.455,2.495,1621.95,5344.512,707.142,6051.655,1386.049,7437.704,2093.191,7439.602
1984 February,1474.971,1.168,1476.139,2.094,1478.233,4602.873,651.247,5254.119,1167.272,6421.391,1818.518,6421.095
1984 March,1642.955,1.205,1644.161,2.384,1646.545,4747.601,634.879,5382.48,1255.9,6638.38,1890.779,6638.199
1984 April,1622.544,1.107,1623.651,2.017,1625.669,4370.795,598.295,4969.09,1090.26,6059.35,1688.555,6053.193
1984 May,1694.297,1.145,1695.442,2.315,1697.757,4135.448,598.951,4734.399,1210.639,5945.037,1809.589,5940.47
1984 June,1662.742,1.172,1663.915,2.475,1666.39,3801.477,647.456,4448.933,1367.021,5815.954,2014.477,5817.787
1984 July,1678.016,1.223,1679.239,2.563,1681.803,3794.616,697.664,4492.28,1461.54,5953.82,2159.204,5956.261
1984 August,1723.315,1.238,1724.552,2.681,1727.234,3877.654,713.264,4590.918,1544.947,6135.865,2258.211,6139.73
1984 September,1587.871,1.184,1589.055,2.172,1591.227,3683.438,679.061,4362.499,1245.701,5608.2,1924.762,5608.152
1984 October,1664.472,1.176,1665.647,2.366,1668.013,3932.334,621.958,4554.292,1251.701,5805.993,1873.659,5807.726
1984 November,1615.666,1.194,1616.861,2.436,1619.296,4084.67,609.345,4694.015,1242.608,5936.623,1851.953,5937.855
1984 December,1623.611,1.206,1624.817,2.451,1627.268,4536.938,639.877,5176.815,1299.883,6476.698,1939.76,6477.74
1985 January,1643.093,1.209,1644.302,2.623,1646.925,4982.759,691.26,5674.019,1499.937,7173.956,2191.198,7175.982
1985 February,1500.869,1.172,1502.041,2.055,1504.096,4790.47,690.133,5480.602,1210.44,6691.042,1900.572,6691.493
1985 March,1674.56,1.143,1675.703,2.224,1677.927,4527.709,635.017,5162.727,1235.026,6397.753,1870.044,6396.633
1985 April,1682.622,1.172,1683.794,2.197,1685.991,4182.094,609.144,4791.239,1141.662,5932.9,1750.806,5927.452
1985 May,1730.889,1.148,1732.037,2.375,1734.412,3943.445,610.002,4553.448,1261.878,5815.325,1871.88,5812.028
1985 June,1657.298,1.139,1658.437,2.377,1660.814,3700.496,649.321,4349.817,1355.259,5705.075,2004.579,5705.607
1985 July,1717.122,1.187,1718.309,2.621,1720.93,3781.702,700.145,4481.847,1546.731,6028.578,2246.876,6030.259
1985 August,1767.976,1.21,1769.186,2.579,1771.765,3857.436,718.771,4576.208,1531.792,6107.999,2250.563,6109.101
1985 September,1592.871,1.208,1594.079,2.227,1596.306,3619.291,703.764,4323.055,1297.749,5620.804,2001.513,5620.093
1985 October,1712.45,1.148,1713.598,2.323,1715.92,3973.451,630.3,4603.751,1275.245,5878.996,1905.545,5878.616
1985 November,1636.855,1.208,1638.063,2.455,1640.518,4025.825,614.943,4640.768,1249.787,5890.555,1864.729,5889.734
1985 December,1724.899,1.204,1726.104,2.581,1728.685,4903.503,676.598,5580.1,1449.909,7030.01,2126.507,7032.092
1986 January,1652.378,1.308,1653.686,2.577,1656.264,5105.037,717.419,5822.457,1413.639,7236.095,2131.058,7236.036
1986 February,1504.993,1.239,1506.232,2.225,1508.457,4589.055,665.865,5254.92,1195.772,6450.692,1861.637,6449.229
1986 March,1740.575,1.234,1741.809,2.312,1744.121,4718.152,644.834,5362.986,1207.86,6570.846,1852.694,6567.422
1986 April,1719.314,1.133,1720.447,2.11,1722.557,4171.395,608.94,4780.335,1134.387,5914.722,1743.327,5908.141
1986 May,1766.4,1.228,1767.629,2.532,1770.161,4028.611,612.694,4641.305,1263.226,5904.531,1875.92,5899.898
1986 June,1731.432,1.241,1732.672,2.564,1735.236,3756.523,673.49,4430.014,1392.105,5822.119,2065.596,5822.855
1986 July,1817.562,1.36,1818.922,2.988,1821.91,3777.544,748.157,4525.701,1644.035,6169.736,2392.192,6176.25
1986 August,1826.268,1.309,1827.577,2.614,1830.191,3829.334,745.161,4574.494,1487.65,6062.144,2232.81,6066.354
1986 September,1665.936,1.292,1667.228,2.478,1669.706,3626.496,697.062,4323.558,1336.97,5660.528,2034.032,5663.063
1986 October,1787.349,1.268,1788.617,2.44,1791.057,3943.915,662.586,4606.501,1274.807,5881.307,1937.392,5882.922
1986 November,1689.247,1.129,1690.376,2.342,1692.719,4041.599,620.271,4661.87,1286.704,5948.574,1906.975,5950.116
1986 December,1838.505,1.316,1839.821,2.664,1842.485,4760.707,685.707,5446.414,1387.83,6834.243,2073.537,6836.703
1987 January,1716.164,1.333,1717.496,2.688,1720.184,5124.684,715.567,5840.251,1443.378,7283.63,2158.945,7285.959
1987 February,1612.681,1.283,1613.964,2.288,1616.252,4689.726,676.32,5366.046,1206.263,6572.309,1882.583,6572.796
1987 March,1767.926,1.258,1769.185,2.448,1771.632,4649.413,660.75,5310.163,1285.201,6595.364,1945.951,6595.795
1987 April,1779.97,1.228,1781.199,2.333,1783.531,4328.324,630.405,4958.729,1197.181,6155.91,1827.587,6151.443
1987 May,1825.083,1.264,1826.346,2.625,1828.972,4036.706,645.234,4681.939,1340.647,6022.586,1985.881,6021.021
1987 June,1806.917,1.31,1808.226,2.782,1811.009,3905.346,709.414,4614.76,1506.873,6121.633,2216.287,6125.305
1987 July,1876.141,1.36,1877.501,2.921,1880.422,4009.869,782.38,4792.249,1680.942,6473.192,2463.323,6476.463
1987 August,1827.027,1.374,1828.401,2.838,1831.239,3910.964,803.571,4714.534,1659.429,6373.964,2463,6376.964
1987 September,1771.428,1.305,1772.733,2.405,1775.138,3888.936,738.775,4627.711,1361.903,5989.613,2100.678,5988.769
1987 October,1853.832,1.279,1855.111,2.487,1857.598,4250.156,672.961,4923.117,1308.604,6231.721,1981.565,6229.209
1987 November,1725.398,1.273,1726.672,2.59,1729.262,4249.581,649.392,4898.973,1320.835,6219.808,1970.227,6216.288
1987 December,1856.235,1.3,1857.535,2.725,1860.26,4959.043,699.443,5658.487,1466.032,7124.519,2165.475,7121.705
1988 January,1810.178,1.331,1811.509,2.683,1814.192,5315.153,770.34,6085.493,1552.923,7638.416,2323.262,7639.767
1988 February,1765.828,1.315,1767.143,2.461,1769.604,5061.357,733.855,5795.212,1373.96,7169.172,2107.815,7169.056
1988 March,1918.388,1.272,1919.66,2.518,1922.178,5070.619,700.007,5770.626,1385.495,7156.121,2085.502,7153.663
1988 April,1838.196,1.235,1839.431,2.367,1841.798,4396.46,657.206,5053.666,1259.64,6313.306,1916.846,6310.045
1988 May,1841.929,1.245,1843.174,2.6,1845.774,4221.266,653.331,4874.597,1364.205,6238.802,2017.536,6236.163
1988 June,1880.789,1.343,1882.131,2.91,1885.041,4064.616,726.75,4791.366,1575.283,6366.649,2302.033,6369.45
1988 July,1858.741,1.402,1860.142,3.07,1863.212,4031.5,810.449,4841.948,1775.229,6617.177,2585.677,6620.819
1988 August,1892.35,1.425,1893.776,3.06,1896.836,4171.282,854.669,5025.951,1834.565,6860.516,2689.234,6866.73
1988 September,1819.126,1.385,1820.511,2.538,1823.049,4032.938,772.154,4805.092,1415.382,6220.474,2187.536,6221.064
1988 October,1886.791,1.35,1888.142,2.662,1890.803,4393.112,701.183,5094.295,1382.187,6476.482,2083.37,6474.842
1988 November,1829.057,1.287,1830.344,2.577,1832.92,4530.925,679.417,5210.342,1360.098,6570.44,2039.515,6569.114
1988 December,1925.26,1.341,1926.601,2.8,1929.401,5119.045,736.988,5856.033,1538.979,7395.012,2275.967,7395.219
1989 January,1815.54,1.358,1816.898,2.74,1819.638,5155.619,769.804,5925.422,1553.716,7479.138,2323.519,7477.93
1989 February,1702.183,1.285,1703.468,2.579,1706.047,4881.701,733.51,5615.211,1471.906,7087.117,2205.416,7085.748
1989 March,1927.256,1.338,1928.594,2.719,1931.313,5128.232,739.1,5867.332,1502.517,7369.849,2241.617,7366.579
1989 April,1802.895,1.268,1804.163,2.472,1806.635,4449.136,688.968,5138.105,1343.28,6481.385,2032.249,6476.837
1989 May,1882.02,1.301,1883.321,2.766,1886.087,4271.545,688.962,4960.506,1464.829,6425.335,2153.79,6422.993
1989 June,1908.359,1.386,1909.745,2.907,1912.653,4152.996,756.735,4909.731,1586.839,6496.57,2343.574,6497.441
1989 July,1868.034,1.436,1869.469,3.168,1872.638,4050.891,819.878,4870.77,1809.349,6680.118,2629.227,6682.684
1989 August,1950.556,1.438,1951.993,3.126,1955.12,4230.693,831.314,5062.007,1807.369,6869.375,2638.683,6873.345
1989 September,1792.887,1.398,1794.285,2.681,1796.966,4024.701,791.394,4816.095,1517.365,6333.46,2308.759,6334.581
1989 October,1932.149,1.357,1933.506,2.802,1936.307,4426.878,721.616,5148.494,1490.092,6638.587,2211.708,6636.256
1989 November,1848.333,1.321,1849.654,2.781,1852.436,4600.989,701.977,5302.965,1477.531,6780.496,2179.508,6778.71
1989 December,1994.562,1.39,1995.952,3.183,1999.135,5486.302,787.657,6273.959,1803.902,8077.861,2591.559,8079.173
1990 January,1863.155,1.367,1864.521,2.613,1867.135,5234.317,821.887,6056.204,1571.622,7627.826,2393.509,7627.286
1990 February,1750.371,1.291,1751.662,2.473,1754.136,4696.29,728.134,5424.424,1394.529,6818.953,2122.663,6816.815
1990 March,1921.847,1.29,1923.136,2.639,1925.775,4868.324,730.578,5598.902,1494.919,7093.82,2225.496,7091.285
1990 April,1815.136,1.264,1816.4,2.514,1818.914,4480.666,700.024,5180.69,1392.582,6573.272,2092.606,6571.535
1990 May,1917.887,1.337,1919.224,2.835,1922.06,4322.762,710.454,5033.216,1506.428,6539.645,2216.883,6538.152
1990 June,1850.813,1.385,1852.198,3.06,1855.257,4054.329,774.477,4828.805,1711.1,6539.905,2485.576,6541.956
1990 July,1892.703,1.522,1894.225,3.297,1897.522,4126.59,858.231,4984.821,1858.935,6843.756,2717.166,6848.607
1990 August,2007.674,1.481,2009.155,3.28,2012.435,4344.471,860.047,5204.519,1904.853,7109.372,2764.901,7114.287
1990 September,1755.864,1.42,1757.284,2.762,1760.046,4011.887,836.211,4848.098,1626.754,6474.852,2462.965,6477.979
1990 October,1891.255,1.348,1892.604,2.743,1895.346,4358.576,758.49,5117.066,1542.814,6659.879,2301.303,6659.672
1990 November,1833.361,1.255,1834.616,2.518,1837.134,4462.601,716.232,5178.833,1436.823,6615.656,2153.055,6614.014
1990 December,1865.515,1.251,1866.766,2.702,1869.468,4950.286,760.472,5710.758,1642.237,7352.995,2402.709,7354.936
1991 January,1814.92,1.33,1816.25,2.734,1818.984,5359.371,823.156,6182.526,1692.14,7874.666,2515.296,7874.721
1991 February,1655.906,1.249,1657.155,2.286,1659.441,4574.295,747.889,5322.183,1369.164,6691.347,2117.053,6689.547
1991 March,1862.227,1.255,1863.482,2.553,1866.036,4722.557,730.94,5453.497,1487.426,6940.924,2218.367,6937.734
1991 April,1784.034,1.279,1785.312,2.493,1787.805,4261.676,704.139,4965.815,1372.789,6338.604,2076.928,6336.924
1991 May,1846.604,1.409,1848.013,3.033,1851.046,4095.902,741.489,4837.391,1595.955,6433.346,2337.444,6434.275
1991 June,1852.312,1.43,1853.742,2.999,1856.742,3980.016,811.928,4791.944,1702.798,6494.742,2514.726,6497.763
1991 July,1904.023,1.493,1905.516,3.263,1908.779,4112.246,876.656,4988.902,1915.685,6904.588,2792.341,6908.495
1991 August,1928.827,1.512,1930.339,3.241,1933.58,4166.883,880.976,5047.858,1889.09,6936.949,2770.066,6941.024
1991 September,1792.513,1.426,1793.939,2.714,1796.653,4089.137,833.959,4923.096,1587.258,6510.354,2421.217,6511.075
1991 October,1906.016,1.288,1907.304,2.623,1909.927,4421.138,755.953,5177.091,1540.306,6717.396,2296.258,6715.9
1991 November,1796.657,1.255,1797.913,2.585,1800.498,4597.193,739.423,5336.616,1522.684,6859.3,2262.107,6857.266
1991 December,1920.815,1.311,1922.126,2.715,1924.841,5124.26,777.447,5901.707,1610.59,7512.297,2388.037,7510.383
1992 January,1839.963,1.319,1841.283,2.731,1844.014,5314.424,814.662,6129.086,1686.261,7815.347,2500.923,7814.329
1992 February,1751.584,1.282,1752.866,2.439,1755.305,4862.268,771.907,5634.175,1468.194,7102.369,2240.101,7099.607
1992 March,1874.618,1.288,1875.906,2.627,1878.534,4898.054,750.671,5648.725,1531.203,7179.928,2281.874,7177.119
1992 April,1834.186,1.272,1835.458,2.518,1837.976,4535.167,723.214,5258.381,1431.432,6689.813,2154.646,6687.816
1992 May,1891.312,1.327,1892.639,2.74,1895.379,4291.167,729.094,5020.261,1505.772,6526.033,2234.866,6525.237
1992 June,1832.929,1.35,1834.279,2.886,1837.165,4105.39,775.475,4880.865,1658.302,6539.167,2433.778,6540.875
1992 July,1916.196,1.433,1917.63,3.188,1920.818,4217.582,863.538,5081.12,1920.711,7001.831,2784.249,7005.855
1992 August,1908.474,1.422,1909.896,3.001,1912.897,4197.827,863.203,5061.03,1821.197,6882.227,2684.399,6885.299
1992 September,1799.607,1.442,1801.049,2.887,1803.936,4087.217,818.847,4906.064,1639.797,6545.861,2458.644,6547.934
1992 October,1921.654,1.326,1922.98,2.638,1925.618,4477.724,766.99,5244.714,1525.067,6769.781,2292.057,6769.513
1992 November,1806.686,1.275,1807.961,2.631,1810.592,4641.797,745.543,5387.34,1538.779,6926.119,2284.322,6925.044
1992 December,1985.57,1.319,1986.889,2.784,1989.673,5353.385,805.459,6158.844,1699.673,7858.517,2505.132,7858.72
1993 January,1774.894,1.344,1776.237,2.752,1778.989,5185.507,829.96,6015.467,1699.815,7715.282,2529.775,7715.435
1993 February,1713.674,1.314,1714.987,2.559,1717.547,4966.938,779.569,5746.507,1518.732,7265.238,2298.3,7264.639
1993 March,1921.3,1.311,1922.611,2.645,1925.256,5231.997,793.886,6025.883,1602.433,7628.316,2396.319,7628.164
1993 April,1859.423,1.273,1860.695,2.416,1863.111,4573.562,736.409,5309.971,1397.993,6707.964,2134.403,6705.955
1993 May,1918.787,1.27,1920.057,2.584,1922.641,4203.024,732.096,4935.119,1489.031,6424.15,2221.127,6422.042
1993 June,1866.198,1.371,1867.568,2.944,1870.513,4089.883,809.835,4899.717,1739.832,6639.55,2549.667,6640.929
1993 July,1925.36,1.415,1926.775,3.12,1929.895,4166.505,921.96,5088.465,2032.738,7121.203,2954.698,7125.978
1993 August,1932.36,1.449,1933.809,3.146,1936.954,4210.198,934.307,5144.505,2028.286,7172.792,2962.594,7177.504
1993 September,1878.196,1.445,1879.641,2.733,1882.374,4183.822,862.17,5045.992,1631.254,6677.246,2493.423,6678.245
1993 October,1922.079,1.402,1923.48,2.823,1926.303,4498.261,779.052,5277.313,1569.325,6846.637,2348.377,6845.783
1993 November,1903.726,1.321,1905.047,2.771,1907.817,4780.541,760.675,5541.215,1595.699,7136.914,2356.374,7136.902
1993 December,2001.674,1.366,2003.039,2.86,2005.899,5302.753,823.391,6126.145,1724.316,7850.461,2547.708,7851.003
1994 January,1867.671,1.438,1869.109,2.988,1872.097,5698.586,886.634,6585.22,1841.869,8427.089,2728.504,8427.3
1994 February,1790.603,1.385,1791.988,2.579,1794.567,5260.431,814.962,6075.393,1518.216,7593.609,2333.178,7591.33
1994 March,1945.934,1.372,1947.306,2.767,1950.073,5104.429,790.84,5895.269,1594.547,7489.816,2385.387,7487.475
1994 April,1920.028,1.321,1921.349,2.569,1923.918,4587.988,750.873,5338.862,1460.254,6799.115,2211.127,6796.308
1994 May,1960.144,1.323,1961.468,2.77,1964.238,4353.802,757.632,5111.434,1585.928,6697.361,2343.56,6695.472
1994 June,1940.279,1.468,1941.747,3.23,1944.977,4215.947,862.284,5078.231,1897.136,6975.367,2759.42,6978.259
1994 July,1969.289,1.525,1970.814,3.232,1974.046,4256.071,948.561,5204.632,2010.889,7215.52,2959.45,7219.085
1994 August,2060.173,1.509,2061.681,3.239,2064.921,4388.658,930.926,5319.585,1998.553,7318.138,2929.48,7321.677
1994 September,1895.29,1.469,1896.759,2.828,1899.587,4211.967,869.665,5081.632,1673.448,6755.08,2543.113,6755.543
1994 October,1972.392,1.431,1973.823,2.897,1976.72,4526.739,797.573,5324.312,1614.74,6939.052,2412.313,6937.882
1994 November,1895.498,1.381,1896.88,2.847,1899.727,4640.869,772.912,5413.781,1592.89,7006.672,2365.802,7003.508
1994 December,2046.25,1.417,2047.667,2.919,2050.586,5304.063,829.865,6133.927,1708.813,7842.74,2538.678,7840.023
1995 January,1927.226,1.412,1928.638,2.839,1931.476,5419.746,871.017,6290.763,1751.248,8042.012,2622.265,8041.245
1995 February,1795.028,1.362,1796.39,2.519,1798.909,5093.87,815.941,5909.811,1509.18,7418.991,2325.121,7416.956
1995 March,2030.079,1.366,2031.445,2.69,2034.135,5145.181,806.819,5952.001,1588.293,7540.294,2395.112,7537.523
1995 April,1916.308,1.308,1917.616,2.576,1920.192,4684.876,756.982,5441.857,1491.303,6933.16,2248.285,6930.125
1995 May,2010.123,1.325,2011.448,2.78,2014.228,4524.676,783.356,5308.033,1644.02,6952.053,2427.376,6950.687
1995 June,2030.284,1.423,2031.707,2.929,2034.636,4350.751,870.094,5220.845,1790.896,7011.742,2660.99,7013.88
1995 July,1976.005,1.479,1977.484,3.315,1980.799,4305.687,960.636,5266.323,2153.259,7419.581,3113.895,7425.729
1995 August,2054.544,1.525,2056.069,3.392,2059.461,4438.384,1020.187,5458.571,2268.908,7727.479,3289.095,7734.677
1995 September,1971.693,1.544,1973.237,2.94,1976.178,4349.577,907.544,5257.122,1728.138,6985.259,2635.682,6985.925
1995 October,2026.29,1.436,2027.726,2.878,2030.603,4579.945,822.471,5402.417,1648.28,7050.697,2470.752,7050.424
1995 November,1979.882,1.392,1981.274,2.805,1984.079,4963.926,803.453,5767.379,1618.724,7386.103,2422.177,7384.256
1995 December,2039.164,1.401,2040.565,2.891,2043.456,5555.877,862.833,6418.711,1780.065,8198.776,2642.898,8197.855
1996 January,1982.443,1.407,1983.85,2.774,1986.624,5797.737,928.684,6726.421,1830.393,8556.814,2759.077,8555.949
1996 February,1900.777,1.37,1902.147,2.528,1904.675,5391.557,873.827,6265.384,1612.665,7878.049,2486.492,7875.975
1996 March,2043.953,1.339,2045.292,2.592,2047.884,5457.04,849.701,6306.742,1644.947,7951.689,2494.649,7948.865
1996 April,1997.424,1.307,1998.731,2.471,2001.202,4862.917,785.911,5648.828,1485.991,7134.819,2271.902,7131.721
1996 May,2087.36,1.353,2088.713,2.922,2091.634,4640.635,817.745,5458.379,1766.45,7224.829,2584.194,7224.402
1996 June,2005.198,1.411,2006.61,2.952,2009.562,4406.793,907.254,5314.047,1898.142,7212.189,2805.396,7214.236
1996 July,2086.432,1.441,2087.872,3.123,2090.995,4447.7,975.732,5423.432,2115.059,7538.491,3090.791,7543.006
1996 August,2141.291,1.48,2142.771,3.165,2145.937,4564.352,989.046,5553.399,2114.854,7668.253,3103.901,7673.458
1996 September,1944.307,1.542,1945.849,2.979,1948.829,4298.794,914.471,5213.266,1766.837,6980.103,2681.309,6981.891
1996 October,2139.455,1.402,2140.857,2.853,2143.71,4908.204,836.731,5744.935,1703.213,7448.148,2539.944,7448.78
1996 November,1995.653,1.357,1997.01,2.815,1999.825,5095.401,821.582,5916.984,1704.449,7621.432,2526.031,7621.439
1996 December,2040.257,1.388,2041.645,2.793,2044.438,5533.393,880.361,6413.754,1772.078,8185.832,2652.439,8185.244
1997 January,1985.96,1.397,1987.357,2.726,1990.084,5819.342,939.208,6758.55,1832.412,8590.961,2771.619,8591.026
1997 February,1867.111,1.34,1868.451,2.357,1870.809,5208.079,855.655,6063.735,1505.05,7568.784,2360.705,7566.024
1997 March,2057.402,1.289,2058.692,2.532,2061.224,5278.094,831.001,6109.095,1632.027,7741.122,2463.028,7737.779
1997 April,2062.716,1.289,2064.006,2.446,2066.452,4976.075,800.986,5777.06,1519.97,7297.031,2320.956,7293.386
1997 May,2111.261,1.309,2112.571,2.704,2115.274,4756.972,807.869,5564.841,1668.249,7233.09,2476.118,7232.543
1997 June,2047.055,1.39,2048.445,2.916,2051.361,4454.65,891.974,5346.624,1871.12,7217.744,2763.094,7220.479
1997 July,2163.65,1.494,2165.144,3.313,2168.457,4604.055,1010.833,5614.888,2241.799,7856.687,3252.632,7862.275
1997 August,2112.195,1.483,2113.678,3.183,2116.861,4548.197,1004.373,5552.57,2156.158,7708.728,3160.53,7713.541
1997 September,2004.736,1.522,2006.259,3.018,2009.277,4404.018,950.981,5354.999,1885.167,7240.166,2836.147,7242.812
1997 October,2115.32,1.485,2116.805,2.914,2119.719,4839.867,896.889,5736.755,1759.854,7496.61,2656.743,7498.098
1997 November,2021.492,1.372,2022.864,2.768,2025.633,5041.857,841.262,5883.119,1697.359,7580.478,2538.621,7579.213
1997 December,2119.22,1.372,2120.592,2.85,2123.442,5644.961,901.793,6546.754,1873.249,8420.003,2775.041,8420.365
1998 January,2046.645,1.398,2048.042,2.761,2050.803,5652.226,924.991,6577.218,1827.111,8404.329,2752.102,8402.179
1998 February,1864.505,1.271,1865.776,2.307,1868.083,5043.639,850.475,5894.114,1543.845,7437.959,2394.319,7433.762
1998 March,2086.824,1.333,2088.157,2.692,2090.849,5334.052,865.541,6199.593,1747.916,7947.509,2613.457,7943.783
1998 April,2134.283,1.287,2135.57,2.491,2138.061,4914.506,817.328,5731.834,1582.11,7313.944,2399.438,7308.779
1998 May,2090.489,1.36,2091.849,2.99,2094.839,4575.628,865.558,5441.186,1902.565,7343.751,2768.123,7342.393
1998 June,2088.969,1.437,2090.406,3.143,2093.549,4393.173,968.983,5362.156,2119.538,7481.695,3088.522,7485.279
1998 July,2207.445,1.455,2208.9,3.229,2212.128,4618.689,1069.738,5688.426,2373.884,8062.31,3443.621,8068.976
1998 August,2170.575,1.533,2172.108,3.297,2175.406,4610.003,1087.25,5697.253,2338.829,8036.082,3426.079,8042.543
1998 September,2070.637,1.593,2072.23,3.187,2075.417,4416.142,1013.696,5429.838,2027.653,7457.491,3041.349,7460.953
1998 October,2168.91,1.434,2170.345,2.839,2173.183,4763.016,908.626,5671.641,1798.265,7469.906,2706.891,7468.256
1998 November,2054.834,1.444,2056.278,2.818,2059.096,4845.027,853.049,5698.076,1664.558,7362.635,2517.608,7359.601
1998 December,2185.314,1.384,2186.698,2.851,2189.549,5496.118,912.321,6408.439,1880.041,8288.48,2792.361,8286.219
1999 January,2055.432,1.421,2056.853,2.893,2059.746,5762.394,967.416,6729.81,1969.776,8699.586,2937.192,8699.299
1999 February,1906.517,1.354,1907.871,2.645,1910.515,5074.551,856.923,5931.474,1674.457,7605.931,2531.38,7603.491
1999 March,2160.734,1.397,2162.131,2.88,2165.012,5416.918,889.758,6306.676,1834.229,8140.906,2723.988,8139.002
1999 April,2108.38,1.347,2109.727,2.801,2112.528,4868.746,842.04,5710.786,1751.358,7462.144,2593.399,7459.182
1999 May,2182.79,1.415,2184.205,3.134,2187.338,4623.468,867.864,5491.332,1922.535,7413.867,2790.399,7413.399
1999 June,2162.429,1.485,2163.914,3.224,2167.138,4500.492,971.511,5472.003,2109.162,7581.165,3080.673,7585.314
1999 July,2227.937,1.632,2229.569,3.657,2233.226,4560.611,1106.562,5667.173,2479.857,8147.03,3586.419,8154.02
1999 August,2248.246,1.565,2249.811,3.396,2253.206,4690.228,1102.009,5792.236,2391.516,8183.753,3493.525,8190.041
1999 September,2098.953,1.568,2100.521,2.976,2103.497,4540.137,1005.851,5545.988,1908.932,7454.92,2914.783,7457.279
1999 October,2245.882,1.501,2247.384,2.963,2250.346,4873.604,905.542,5779.146,1787.125,7566.271,2692.667,7565.749
1999 November,2116.863,1.425,2118.287,2.823,2121.111,4911.146,861.628,5772.775,1707.7,7480.475,2569.328,7478.087
1999 December,2344.602,1.382,2345.985,2.781,2348.766,5708.546,923.736,6632.282,1858.355,8490.637,2782.091,8488.111
2000 January,2072.446,1.487,2073.933,3.212,2077.145,5658.582,981.849,6640.431,2120.305,8760.736,3102.154,8760.328
2000 February,2066.911,1.444,2068.355,2.883,2071.239,5456.903,928.388,6385.291,1853.132,8238.423,2781.52,8236.611
2000 March,2197.699,1.419,2199.119,3.034,2202.152,5294.416,895.37,6189.786,1914.04,8103.826,2809.41,8101.332
2000 April,2149.542,1.364,2150.906,2.846,2153.752,4844.513,850.185,5694.698,1774.531,7469.229,2624.715,7465.288
2000 May,2241.142,1.505,2242.647,3.464,2246.111,4795.166,918.724,5713.891,2115.038,7828.929,3033.763,7828.313
2000 June,2214.991,1.567,2216.558,3.377,2219.936,4590.504,1022.797,5613.301,2204.338,7817.639,3227.135,7820.433
2000 July,2295.274,1.633,2296.907,3.536,2300.443,4622.176,1083.534,5705.71,2345.992,8051.703,3429.527,8055.214
2000 August,2325.053,1.713,2326.766,3.7,2330.465,4810.959,1128.459,5939.418,2437.579,8376.997,3566.038,8382.084
2000 September,2163.158,1.693,2164.851,3.196,2168.047,4568.093,1036.202,5604.295,1956.24,7560.535,2992.442,7561.886
2000 October,2277.501,1.553,2279.054,3.047,2282.1,4875.177,930.914,5806.09,1826.531,7632.621,2757.445,7633.342
2000 November,2160.591,1.492,2162.083,3.016,2165.1,5074.752,901.181,5975.933,1821.499,7797.432,2722.68,7796.342
2000 December,2291.292,1.493,2292.785,3.055,2295.84,6019.295,996.263,7015.557,2038.978,9054.535,3035.24,9053.727
2001 January,2138.872,1.63,2140.502,3.224,2143.727,5929.656,1060.608,6990.264,2097.327,9087.59,3157.935,9087.232
2001 February,1979.406,1.509,1980.915,2.859,1983.773,5255.032,929.169,6184.201,1760.561,7944.763,2689.73,7940.996
2001 March,2224.636,1.537,2226.174,3.202,2229.376,5491.241,918.903,6410.144,1913.735,8323.879,2832.638,8319.293
2001 April,2162.022,1.488,2163.511,3.011,2166.521,4882.223,867.761,5749.984,1755.49,7505.474,2623.251,7500.746
2001 May,2258.031,1.586,2259.618,3.442,2263.06,4625.503,902.277,5527.781,1957.777,7485.558,2860.055,7483.86
2001 June,2179.701,1.669,2181.371,3.601,2184.971,4372.136,989.41,5361.546,2133.851,7495.397,3123.26,7496.223
2001 July,2319.866,1.684,2321.551,3.696,2325.247,4559.28,1077.681,5636.96,2365.003,8001.963,3442.684,8005.96
2001 August,2284.809,1.824,2286.633,3.915,2290.548,4587.83,1133.657,5721.487,2433.588,8155.075,3567.245,8159.589
2001 September,2111.366,1.837,2113.203,3.529,2116.733,4332.122,1010.094,5342.216,1940.31,7282.526,2950.404,7283.152
2001 October,2243.258,1.66,2244.917,3.425,2248.343,4803.625,913.039,5716.663,1884.451,7601.115,2797.49,7599.526
2001 November,2125.154,1.568,2126.722,3.246,2129.968,4777.128,863.041,5640.169,1786.221,7426.39,2649.262,7425.735
2001 December,2152.224,1.538,2153.762,3.322,2157.083,5216.603,916.252,6132.855,1979.21,8112.065,2895.462,8113.401
2002 January,2158.851,1.499,2160.35,3.008,2163.358,5646.651,992.781,6639.432,1991.75,8631.182,2984.531,8631.006
2002 February,1989.146,1.449,1990.595,2.768,1993.363,5091.232,899.841,5991.073,1718.731,7709.804,2618.571,7707.393
2002 March,2242.766,1.451,2244.217,3.009,2247.226,5399.569,912.573,6312.142,1892.56,8204.702,2805.133,8202.66
2002 April,2210.917,1.457,2212.374,2.967,2215.341,4909.317,880.113,5789.43,1792.389,7581.819,2672.502,7579.701
2002 May,2292.504,1.529,2294.033,3.189,2297.222,4768.487,918.931,5687.418,1917.332,7604.75,2836.263,7604.154
2002 June,2250.855,1.607,2252.462,3.424,2255.886,4513.071,1011.555,5524.626,2155.677,7680.303,3167.232,7683.15
2002 July,2320.96,1.691,2322.651,3.599,2326.25,4632.4,1150.815,5783.216,2449.387,8232.603,3600.203,8238.323
2002 August,2338.274,1.73,2340.003,3.593,2343.597,4631.633,1153.647,5785.279,2396.735,8182.015,3550.382,8186.891
2002 September,2160.68,1.696,2162.376,3.329,2165.705,4390.015,1059.419,5449.434,2079.537,7528.971,3138.955,7531.276
2002 October,2258.843,1.667,2260.511,3.313,2263.824,4777.013,969.615,5746.629,1926.615,7673.244,2896.231,7671.844
2002 November,2221.414,1.5,2222.914,3.136,2226.051,5094.556,897.471,5992.026,1876.621,7868.648,2774.092,7866.948
2002 December,2302.047,1.549,2303.597,3.267,2306.863,5633.858,977.41,6611.267,2061.008,8672.276,3038.418,8672.089
2003 January,2151.592,2.062,2153.653,4.27,2157.923,5892.734,1038.144,6930.878,2150.069,9080.947,3188.213,9082.184
2003 February,2014.849,1.865,2016.714,3.535,2020.249,5500.261,963.001,6463.263,1824.786,8288.049,2787.787,8285.728
2003 March,2234.106,1.959,2236.065,3.894,2239.958,5409.889,936.503,6346.392,1861.523,8207.916,2798.026,8204.893
2003 April,2190.567,1.772,2192.339,3.512,2195.852,4878.328,875.894,5754.223,1735.782,7490.005,2611.676,7486.347
2003 May,2262.822,1.862,2264.684,3.846,2268.53,4640.846,917.105,5557.951,1894.45,7452.401,2811.555,7451.393
2003 June,2219.53,1.866,2221.396,3.85,2225.247,4398.5,991.015,5389.515,2044.471,7433.986,3035.486,7434.642
2003 July,2313.656,1.944,2315.6,4.013,2319.613,4591.88,1140.32,5732.2,2354.579,8086.779,3494.899,8090.458
2003 August,2383.868,2.016,2385.884,4.157,2390.04,4646.827,1166.287,5813.115,2404.939,8218.054,3571.227,8222.899
2003 September,2193.42,2,2195.42,3.779,2199.198,4443.708,1046.085,5489.792,1976.185,7465.977,3022.27,7467.133
2003 October,2312.872,1.984,2314.855,3.986,2318.841,4795.915,946.421,5742.336,1901.581,7643.917,2848.002,7643.11
2003 November,2220.651,1.875,2222.526,3.926,2226.451,4914.144,897.277,5811.42,1878.883,7690.303,2776.16,7688.889
2003 December,2308.955,2.03,2310.985,4.215,2315.2,5665.709,1002.569,6668.278,2081.058,8749.336,3083.627,8748.823
2004 January,2228.967,2.153,2231.119,4.423,2235.542,5974.1,1050.406,7024.507,2158.081,9182.588,3208.488,9183.197
2004 February,2168.443,2.13,2170.573,4.187,2174.76,5683.343,977.311,6660.654,1921.016,8581.67,2898.327,8580.763
2004 March,2327.27,1.965,2329.235,3.867,2333.102,5449.305,949.155,6398.461,1867.674,8266.134,2816.829,8262.434
2004 April,2279.709,1.955,2281.664,3.827,2285.491,4990.7,896.848,5887.547,1755.507,7643.054,2652.355,7638.983
2004 May,2338.742,1.945,2340.687,4.199,2344.886,4781.298,952.07,5733.368,2055.484,7788.852,3007.555,7787.769
2004 June,2311.658,1.988,2313.646,4.03,2317.676,4618.06,1050.119,5668.179,2128.418,7796.596,3178.537,7797.455
2004 July,2397.767,2.139,2399.905,4.455,2404.361,4720.023,1139.291,5859.314,2373.204,8232.518,3512.495,8235.5
2004 August,2395.5,2.083,2397.582,4.273,2401.855,4748.089,1129.121,5877.21,2316.477,8193.687,3445.598,8195.797
2004 September,2267.238,2.095,2269.333,4.139,2273.472,4545.564,1052.827,5598.39,2080.396,7678.786,3133.222,7679.238
2004 October,2381.929,2.044,2383.972,4.144,2388.116,4898.609,961.286,5859.895,1949.257,7809.151,2910.543,7807.38
2004 November,2290.589,1.945,2292.534,4.001,2296.535,5081.206,921.796,6003.001,1896.218,7899.22,2818.014,7897.764
2004 December,2359.835,2.207,2362.041,4.633,2366.675,5792.982,1023.77,6816.753,2149.677,8966.43,3173.448,8966.889
2005 January,2288.146,2.345,2290.491,4.783,2295.274,5904.316,1054.577,6958.893,2151.531,9110.424,3206.108,9111.653
2005 February,2127.858,2.236,2130.094,4.255,2134.348,5360.088,953.701,6313.789,1814.97,8128.759,2768.671,8127.787
2005 March,2372.529,2.107,2374.636,4.181,2378.817,5637.57,978.531,6616.101,1941.481,8557.583,2920.013,8556.536
2005 April,2308.419,2.013,2310.432,3.885,2314.317,4906.936,901.341,5808.277,1739.329,7547.606,2640.67,7543.242
2005 May,2417.702,1.919,2419.621,4.011,2423.631,4856.185,933.183,5789.368,1950.515,7739.883,2883.698,7738.733
2005 June,2342.549,2.115,2344.664,4.362,2349.026,4635.382,1089.728,5725.11,2247.978,7973.087,3337.706,7974.767
2005 July,2445.787,2.099,2447.885,4.367,2452.252,4650.87,1213.014,5863.884,2524.173,8388.057,3737.187,8391.292
2005 August,2471.767,2.275,2474.042,4.673,2478.715,4748.997,1236.999,5985.996,2540.529,8526.525,3777.528,8529.253
2005 September,2281.693,2.166,2283.859,4.144,2288.003,4367.057,1129.111,5496.168,2160.125,7656.293,3289.236,7656.542
2005 October,2379.436,2.081,2381.517,4.014,2385.532,4672.652,1015.501,5688.153,1958.714,7646.867,2974.215,7645.903
2005 November,2318.641,2.004,2320.645,4.098,2324.743,4941.789,936.886,5878.675,1915.51,7794.185,2852.396,7793.174
2005 December,2424.922,2.252,2427.174,4.749,2431.923,5771.868,1048.653,6820.521,2211.31,9031.831,3259.963,9032.041
2006 January,2344.42,2.215,2346.635,4.222,2350.857,5589.433,1040.203,6629.636,1982.992,8612.628,3023.195,8612.87
2006 February,2136.963,2.098,2139.061,4.04,2143.102,5204.777,958.93,6163.707,1846.424,8010.131,2805.354,8009.229
2006 March,2410.848,2.169,2413.017,4.191,2417.208,5500.237,989.379,6489.616,1912.01,8401.626,2901.389,8399.992
2006 April,2342.231,2.002,2344.233,3.842,2348.075,4830.219,915.127,5745.346,1756.462,7501.808,2671.589,7499.266
2006 May,2430.608,1.97,2432.578,4.008,2436.586,4758.815,979.92,5738.735,1994.215,7732.95,2974.135,7731.733
2006 June,2398.299,2.079,2400.378,4.182,2404.56,4622.719,1098.118,5720.837,2209.029,7929.866,3307.147,7930.465
2006 July,2501.604,2.14,2503.745,4.418,2508.163,4653.287,1236.464,5889.751,2552.171,8441.922,3788.635,8444.892
2006 August,2516.648,2.149,2518.797,4.318,2523.115,4781.191,1257.778,6038.969,2527.483,8566.452,3785.261,8569.819
2006 September,2331.216,2.099,2333.315,3.886,2337.202,4566.551,1082.567,5649.118,2004.062,7653.18,3086.629,7652.979
2006 October,2441.623,2.055,2443.678,4.077,2447.756,4921.517,993.527,5915.044,1970.833,7885.877,2964.36,7883.994
2006 November,2317.62,1.987,2319.607,4.005,2323.612,5020.488,945.745,5966.232,1906.304,7872.537,2852.049,7871.672
2006 December,2445.68,2.141,2447.821,4.386,2452.207,5503.979,1024.007,6527.985,2098.367,8626.352,3122.373,8628.033
2007 January,2348.909,2.612,2351.521,5.325,2356.846,5756.564,1075.134,6831.698,2191.785,9023.484,3266.919,9024.612
2007 February,2169.227,2.453,2171.68,4.697,2176.377,5609.914,1028.142,6638.057,1968.891,8606.947,2997.033,8606.674
2007 March,2394.965,2.535,2397.5,4.9,2402.4,5454.363,995.145,6449.508,1923.652,8373.159,2918.797,8370.524
2007 April,2357.524,2.204,2359.728,4.272,2364,4974.318,939.462,5913.78,1821.397,7735.177,2760.859,7732.532
2007 May,2471.257,2.086,2473.343,4.204,2477.547,4806.997,999.034,5806.032,2013.123,7819.155,3012.157,7817.389
2007 June,2419.713,2.269,2421.982,4.62,2426.602,4570.111,1102.098,5672.209,2243.889,7916.099,3345.988,7916.692
2007 July,2513.223,2.303,2515.526,4.695,2520.221,4655.609,1203.216,5858.825,2453.172,8311.997,3656.388,8314.668
2007 August,2530.258,2.298,2532.556,4.79,2537.346,4723.483,1273.921,5997.404,2655.899,8653.302,3929.819,8656.825
2007 September,2345.481,2.342,2347.824,4.394,2352.218,4498.401,1151.634,5650.035,2160.217,7810.252,3311.851,7810.938
2007 October,2432.557,2.223,2434.781,4.317,2439.097,4750.372,1050.154,5800.526,2038.861,7839.388,3089.016,7837.996
2007 November,2346.882,2.297,2349.179,4.574,2353.753,5022.96,976.853,5999.813,1945.455,7945.269,2922.309,7944.312
2007 December,2397.426,2.263,2399.689,4.733,2404.422,5685.908,1049.887,6735.795,2195.773,8931.568,3245.66,8931.951
2008 January,2278.301,2.368,2280.669,4.711,2285.38,5912.226,1113.044,7025.27,2213.866,9239.136,3326.91,9240.569
2008 February,2120.55,2.252,2122.802,4.238,2127.041,5496.535,1040.984,6537.519,1958.878,8496.397,2999.862,8496.201
2008 March,2329.504,2.15,2331.655,4.179,2335.834,5447.731,1005.262,6452.992,1953.609,8406.601,2958.87,8404.75
2008 April,2302.139,2.097,2304.236,4.022,2308.258,4880.917,948.411,5829.328,1819.475,7648.803,2767.886,7646.043
2008 May,2387.622,2.026,2389.648,4.057,2393.705,4719.617,983.598,5703.215,1969.263,7672.479,2952.861,7670.573
2008 June,2282.776,2.115,2284.891,4.289,2289.181,4410.157,1121.158,5531.315,2273.701,7805.016,3394.858,7805.844
2008 July,2368.043,2.213,2370.256,4.465,2374.721,4498.045,1229.775,5727.821,2481.158,8208.979,3710.934,8211.701
2008 August,2357.202,2.214,2359.416,4.432,2363.848,4439.355,1200.534,5639.889,2403.12,8043.009,3603.654,8044.358
2008 September,2132.227,2.146,2134.373,4.025,2138.398,4056.681,1098.344,5155.025,2060.135,7215.16,3158.479,7215.284
2008 October,2326.724,2.175,2328.899,4.242,2333.141,4707.346,995.492,5702.838,1941.281,7644.119,2936.773,7640.267
2008 November,2186.429,2.083,2188.513,4.221,2192.733,4789.404,949.663,5739.067,1924.004,7663.071,2873.668,7663.334
2008 December,2267.972,2.273,2270.245,4.616,2274.861,5408.472,1054.022,6462.494,2140.93,8603.424,3194.952,8607.804
2009 January,2199.143,2.624,2201.767,5.151,2206.918,5677.875,1097.381,6775.256,2154.251,8929.506,3251.632,8930.67
2009 February,1983.336,2.288,1985.624,4.139,1989.764,4967.125,976.69,5943.815,1767.108,7710.922,2743.798,7708.156
2009 March,2248.743,2.311,2251.053,4.362,2255.416,5059.534,968.352,6027.886,1828.179,7856.065,2796.531,7852.312
2009 April,2209.353,2.092,2211.446,3.86,2215.305,4538.44,905.762,5444.202,1670.82,7115.023,2576.582,7114.178
2009 May,2232.074,2.051,2234.125,4.034,2238.159,4256.673,939.242,5195.915,1847.217,7043.131,2786.458,7043.296
2009 June,2234.133,2.09,2236.224,4.185,2240.409,4168.563,1042.436,5210.999,2087.262,7298.261,3129.697,7300.127
2009 July,2285.53,2.273,2287.803,4.411,2292.214,4224.69,1152.84,5377.53,2236.902,7614.432,3389.742,7617.914
2009 August,2312.343,2.206,2314.549,4.329,2318.878,4297.707,1176.612,5474.319,2309.189,7783.507,3485.8,7786.464
2009 September,2143.978,2.171,2146.149,3.938,2150.087,4133.37,1059.642,5193.012,1922.133,7115.145,2981.775,7114.686
2009 October,2252.9,2.047,2254.946,3.753,2258.7,4511.591,979.641,5491.232,1796.604,7287.836,2776.245,7286.042
2009 November,2146.38,2.013,2148.392,3.873,2152.265,4577.753,914.955,5492.708,1760.488,7253.196,2675.442,7251.903
2009 December,2262.021,2.339,2264.359,4.687,2269.046,5439.232,1058.713,6497.946,2121.438,8619.384,3180.151,8620.68
2010 January,2153.654,2.421,2156.075,4.614,2160.689,5632.49,1132.37,6764.86,2158.323,8923.183,3290.693,8927.283
2010 February,1969.399,2.326,1971.725,4.301,1976.027,5125.167,1018.345,6143.511,1882.907,8026.418,2901.252,8027.232
2010 March,2251.597,2.221,2253.818,4.039,2257.857,5180.855,998.049,6178.904,1815.034,7993.938,2813.082,7992.433
2010 April,2239.028,2.03,2241.058,3.682,2244.74,4607.54,911.182,5518.722,1652.686,7171.407,2563.867,7168.542
2010 May,2303.789,2.048,2305.837,4.172,2310.009,4501.065,968.084,5469.149,1972.3,7441.449,2940.384,7440.747
2010 June,2275.677,2.226,2277.904,4.403,2282.307,4382.842,1129.008,5511.85,2232.651,7744.501,3361.659,7746.885
2010 July,2354.739,2.256,2356.996,4.421,2361.417,4426.661,1259.088,5685.749,2467.349,8153.098,3726.437,8157.265
2010 August,2354.451,2.124,2356.575,4.134,2360.709,4508.203,1268.477,5776.68,2469.242,8245.921,3737.719,8249.754
2010 September,2251.666,2.16,2253.826,3.911,2257.737,4375.148,1118.257,5493.404,2024.501,7517.906,3142.758,7517.308
2010 October,2284.577,2.082,2286.659,3.793,2290.452,4548.457,982.109,5530.566,1788.91,7319.476,2771.019,7317.529
2010 November,2185.119,2.051,2187.17,3.962,2191.132,4842.74,937.959,5780.699,1811.838,7592.538,2749.797,7590.589
2010 December,2270.208,2.369,2272.577,4.757,2277.334,5730.482,1088.591,6819.073,2186.028,9005.101,3274.619,9006.239
2011 January,2172.429,2.424,2174.853,4.494,2179.346,5805.421,1140.003,6945.424,2113.265,9058.689,3253.268,9061.729
2011 February,1998.366,2.173,2000.539,3.789,2004.328,5089.628,1013.035,6102.663,1766.771,7869.434,2779.806,7869.078
2011 March,2256.536,2.264,2258.801,4.092,2262.893,5255.56,996.481,6252.041,1800.873,8052.914,2797.354,8050.975
2011 April,2189.56,2.145,2191.705,3.822,2195.527,4589.413,938.996,5528.409,1672.784,7201.193,2611.779,7200.09
2011 May,2264.697,2.111,2266.807,3.951,2270.758,4455.868,982.631,5438.499,1839.695,7278.194,2822.327,7277.429
2011 June,2270.664,2.193,2272.858,4.148,2277.006,4351.229,1121.549,5472.778,2121.252,7594.03,3242.801,7596.307
2011 July,2286.239,2.219,2288.458,4.369,2292.827,4353.729,1264.801,5618.53,2489.808,8108.338,3754.609,8114.646
2011 August,2316.6,2.133,2318.733,4.012,2322.746,4505.148,1271.72,5776.868,2391.802,8168.67,3663.522,8173.202
2011 September,2185.424,2.162,2187.586,3.756,2191.343,4315.112,1113.156,5428.267,1934.088,7362.355,3047.243,7362.557
2011 October,2223.17,2.103,2225.274,3.81,2229.084,4600.955,983.109,5584.064,1780.582,7364.646,2763.691,7363.252
2011 November,2141.689,2.012,2143.701,3.772,2147.474,4858.751,939.102,5797.853,1760.343,7558.196,2699.445,7556.191
2011 December,2217.776,2.237,2220.012,4.255,2224.268,5352.924,1029.892,6382.816,1959.458,8342.274,2989.35,8341.003
2012 January,2099.812,2.218,2102.03,4.006,2106.036,5454.039,1061.048,6515.087,1916.781,8431.867,2977.829,8431.526
2012 February,2035.045,2.147,2037.192,3.788,2040.979,5048.386,979.186,6027.572,1727.63,7755.201,2706.815,7752.67
2012 March,2176.359,2.036,2178.395,3.51,2181.905,4776.199,968.091,5744.29,1668.517,7412.807,2636.608,7407.115
2012 April,2148.779,2.013,2150.792,3.44,2154.232,4457.201,923.832,5381.032,1578.516,6959.548,2502.347,6954.019
2012 May,2254.086,2.03,2256.116,3.77,2259.885,4441.132,1013.255,5454.387,1881.59,7335.978,2894.846,7333.857
2012 June,2220.675,2.038,2222.713,3.77,2226.483,4308.436,1109.445,5417.881,2052.402,7470.283,3161.847,7473.135
2012 July,2267.401,2.147,2269.547,4.117,2273.664,4353.705,1265.725,5619.43,2427.427,8046.857,3693.152,8054.633
2012 August,2318.75,2.159,2320.909,3.961,2324.87,4479.75,1244.645,5724.396,2283.806,8008.202,3528.452,8013.288
2012 September,2118.09,2.093,2120.183,3.67,2123.853,4192.185,1085.322,5277.507,1903.081,7180.587,2988.403,7183.283
2012 October,2207.796,2.045,2209.841,3.631,2213.472,4618.615,991.989,5610.605,1761.626,7372.231,2753.616,7372.268
2012 November,2100.701,1.94,2102.641,3.58,2106.221,4858.443,949.259,5807.702,1751.65,7559.352,2700.909,7559.224
2012 December,2109.314,2.111,2111.425,3.995,2115.419,5207.953,1014.347,6222.3,1919.942,8142.242,2934.289,8142.305
2013 January,2129.454,2.265,2131.719,4.041,2135.76,5670.974,1094.17,6765.144,1951.934,8717.078,3046.104,8716.572
2013 February,1937.44,2.248,1939.688,3.848,1943.537,5087.014,994.531,6081.545,1702.719,7784.264,2697.25,7782.869
2013 March,2217.204,2.196,2219.4,3.921,2223.321,5311.058,1014.135,6325.194,1810.995,8136.188,2825.13,8134.614
2013 April,2168.868,2.148,2171.016,3.63,2174.646,4690.958,947.792,5638.75,1601.484,7240.234,2549.276,7236.421
2013 May,2270.959,2.14,2273.099,3.833,2276.932,4560.326,987.427,5547.753,1768.117,7315.87,2755.544,7313.232
2013 June,2225.205,2.178,2227.383,4.017,2231.4,4335.295,1092.525,5427.819,2015.174,7442.993,3107.698,7445.006
2013 July,2341.583,2.213,2343.797,4.087,2347.883,4520.095,1223.888,5743.983,2259.905,8003.888,3483.792,8009.255
2013 August,2346.226,2.2,2348.426,4.061,2352.487,4513.984,1206.414,5720.397,2226.32,7946.717,3432.733,7950.89
2013 September,2200.778,2.136,2202.913,3.721,2206.634,4408.237,1103.706,5511.943,1923.013,7434.956,3026.719,7435.745
2013 October,2287.836,2.016,2289.852,3.533,2293.385,4736.795,1004.391,5741.186,1760.325,7501.512,2764.717,7499.247
2013 November,2206.132,1.959,2208.092,3.649,2211.741,5151.79,960.459,6112.248,1788.634,7900.882,2749.092,7898.542
2013 December,2209.072,2.317,2211.389,4.366,2215.754,5715.308,1079.811,6795.119,2034.837,8829.956,3114.648,8830.809
2014 January,2138.132,2.43,2140.562,4.509,2145.071,5998.998,1164.305,7163.303,2161.016,9324.319,3325.321,9328.731
2014 February,1981.498,2.388,1983.886,4.14,1988.026,5331.325,1054.107,6385.432,1827.558,8212.99,2881.665,8215.493
2014 March,2205.912,2.212,2208.125,3.917,2212.042,5380.948,1031.748,6412.696,1826.887,8239.583,2858.635,8239.727
2014 April,2215.497,2.183,2217.68,3.614,2221.294,4762.9,941.349,5704.249,1558.556,7262.805,2499.905,7260.063
2014 May,2275.268,2.203,2277.47,3.965,2281.435,4578.14,994.328,5572.468,1789.966,7362.435,2784.294,7361.466
2014 June,2240.222,2.079,2242.301,3.8,2246.101,4375.81,1101.366,5477.177,2013.185,7490.361,3114.551,7492.777
2014 July,2361.976,2.2,2364.176,4.047,2368.223,4564.78,1199.4,5764.18,2206.628,7970.807,3406.027,7974.518
2014 August,2359.126,2.19,2361.316,4.056,2365.372,4561.187,1200.625,5761.812,2223.901,7985.713,3424.525,7989.574
2014 September,2193.266,2.142,2195.408,3.641,2199.05,4432.046,1115.407,5547.453,1896.126,7443.579,3011.533,7444.235
2014 October,2330.022,2.132,2332.154,3.639,2335.793,4800.11,1012.271,5812.381,1727.868,7540.25,2740.14,7537.522
2014 November,2207.469,2.174,2209.643,3.978,2213.621,5189.963,973.828,6163.791,1781.746,7945.537,2755.574,7942.66
2014 December,2293.338,2.137,2295.475,3.817,2299.292,5607.786,1056.422,6664.208,1886.734,8550.943,2943.157,8548.101
2015 January,2179.508,2.296,2181.803,4.054,2185.857,5932.772,1124.821,7057.594,1986.358,9043.952,3111.18,9043.28
2015 February,2005.886,2.387,2008.272,4.153,2012.425,5497.812,1046.694,6544.506,1821.402,8365.908,2868.096,8366.618
2015 March,2291.052,2.318,2293.37,3.799,2297.17,5422.185,1041.86,6464.045,1707.294,8171.34,2749.155,8169.17
2015 April,2228.321,2.114,2230.435,3.429,2233.864,4736.382,939.921,5676.303,1524.695,7200.999,2464.616,7197.649
2015 May,2308.339,2.077,2310.416,3.754,2314.171,4632.515,982.965,5615.48,1776.622,7392.102,2759.587,7390.843
2015 June,2299.151,2.079,2301.23,3.822,2305.052,4501.123,1113.666,5614.789,2047.339,7662.128,3161.005,7664.411
2015 July,2414.427,2.212,2416.638,4.063,2420.702,4670.47,1238.345,5908.814,2275.15,8183.964,3513.495,8188.816
2015 August,2394.086,2.131,2396.217,3.807,2400.024,4639.738,1235.252,5874.99,2206.725,8081.715,3441.977,8086.418
2015 September,2269.467,2.099,2271.566,3.545,2275.111,4420.083,1136.052,5556.135,1918.043,7474.178,3054.095,7477.377
2015 October,2319.385,2.17,2321.555,3.572,2325.128,4720.324,1010.141,5730.465,1662.935,7393.4,2673.076,7391.702
2015 November,2185.955,2.06,2188.016,3.508,2191.524,4876.571,941.427,5817.998,1603.037,7421.035,2544.464,7418.264
2015 December,2285.976,2.113,2288.089,3.554,2291.643,5371.258,1014.536,6385.795,1706.293,8092.087,2720.829,8089.598
2016 January,2181.601,2.252,2183.853,3.908,2187.761,5781.452,1094.877,6876.33,1899.999,8776.329,2994.876,8775.915
2016 February,2122.518,2.205,2124.722,3.482,2128.205,5331.812,1012.701,6344.513,1599.425,7943.938,2612.126,7940.188
2016 March,2347.69,2.079,2349.769,3.219,2352.988,5185.695,975.192,6160.886,1510.124,7671.01,2485.316,7664.178
2016 April,2261.754,2.03,2263.784,3.251,2267.035,4753.544,919.641,5673.185,1472.73,7145.915,2392.371,7140.654
2016 May,2354.409,1.983,2356.392,3.392,2359.784,4650.043,971.422,5621.465,1661.574,7283.04,2632.997,7279.859
2016 June,2362.216,2.154,2364.37,3.87,2368.24,4509.802,1125.543,5635.345,2021.847,7657.192,3147.39,7659.995
2016 July,2432.025,2.212,2434.237,4.017,2438.254,4607.781,1269.852,5877.633,2306.273,8183.906,3576.125,8190.278
2016 August,2458.308,2.154,2460.462,3.766,2464.228,4714.563,1300.628,6015.191,2273.387,8288.578,3574.016,8295.222
2016 September,2301.496,2.174,2303.669,3.556,2307.225,4482.873,1148.998,5631.871,1879.632,7511.503,3028.63,7514.5
2016 October,2323.418,2.09,2325.508,3.41,2328.918,4730.609,1012.274,5742.883,1651.538,7394.421,2663.813,7394.096
2016 November,2255.466,2.019,2257.484,3.339,2260.823,4949.773,946.206,5895.979,1565.376,7461.355,2511.582,7458.228
2016 December,2340.194,2.228,2342.422,3.946,2346.368,5841.84,1060.184,6902.025,1877.677,8779.702,2937.862,8779.282
2017 January,2222.793,2.276,2225.07,3.838,2228.907,5754.406,1085.621,6840.027,1830.1,8670.127,2915.721,8671.981
2017 February,2042.955,2.167,2045.122,3.379,2048.501,4917.925,940.952,5858.876,1466.959,7325.835,2407.911,7323.561
2017 March,2375.094,2.201,2377.295,3.533,2380.828,5475.909,994.406,6470.315,1596.147,8066.462,2590.553,8063.967
2017 April,2262.527,2.01,2264.537,3.079,2267.616,4732.749,930.798,5663.547,1425.88,7089.426,2356.677,7086.105
2017 May,2419.929,1.989,2421.918,3.236,2425.154,4800.02,995.862,5795.883,1620.805,7416.688,2616.667,7415.35
2017 June,2396.996,2.142,2399.138,3.537,2402.675,4632.503,1121.124,5753.627,1851.371,7604.998,2972.495,7607.405
2017 July,2428.899,2.149,2431.048,3.738,2434.786,4677.465,1254.296,5931.76,2182.025,8113.785,3436.321,8119.224
2017 August,2487.974,2.184,2490.158,3.658,2493.816,4738.957,1229.216,5968.173,2058.927,8027.099,3288.143,8030.825
2017 September,2298.886,2.109,2300.995,3.38,2304.375,4495.795,1097.728,5593.524,1759.233,7352.757,2856.962,7353.194
2017 October,2401.19,2.136,2403.326,3.44,2406.766,4852.926,1022.029,5874.955,1645.621,7520.575,2667.649,7519.026
2017 November,2283.763,2.039,2285.802,3.407,2289.209,5235.579,966.78,6202.359,1614.905,7817.264,2581.685,7815.478
2017 December,2358.371,2.265,2360.636,3.995,2364.631,5951.938,1065.28,7017.218,1879.062,8896.28,2944.342,8895.595
2018 January,2263.799,2.543,2266.342,4.234,2270.576,6206.361,1175.358,7381.719,1956.897,9338.616,3132.255,9340.52
2018 February,2058.716,2.164,2060.88,3.273,2064.153,5244.028,998.803,6242.831,1510.121,7752.951,2508.923,7750.634
2018 March,2417.46,2.114,2419.574,3.308,2422.882,5762.998,1013.362,6776.36,1585.491,8361.85,2598.853,8357.442
2018 April,2322.027,2.045,2324.072,3.095,2327.167,5136.92,950.133,6087.053,1437.679,7524.732,2387.812,7519.194
2018 May,2448.812,2.002,2450.814,3.334,2454.148,4857.876,1034.682,5892.558,1722.697,7615.255,2757.379,7612.92
2018 June,2435.602,2.125,2437.727,3.505,2441.232,4719.338,1153.539,5872.877,1903.279,7776.157,3056.819,7778.561
2018 July,2504.091,2.165,2506.256,3.715,2509.971,4829.546,1279.58,6109.126,2196.009,8305.135,3475.589,8309.753
2018 August,2549.328,2.321,2551.649,3.811,2555.46,4948.685,1300.418,6249.102,2134.765,8383.867,3435.182,8388.565
2018 September,2322.143,2.185,2324.327,3.473,2327.801,4611.399,1150.74,5762.139,1829.515,7591.654,2980.255,7592.454
2018 October,2411.068,2.152,2413.22,3.311,2416.531,5129.733,1054.696,6184.428,1622.586,7807.014,2677.282,7805.011
2018 November,2339.354,2.101,2341.455,3.553,2345.007,5560.543,991.21,6551.753,1676.288,8228.041,2667.499,8225.596
2018 December,2362.795,2.235,2365.031,3.714,2368.744,5891.977,1065.021,6956.998,1769.545,8726.543,2834.566,8724.2
2019 January,2313.61,2.285,2315.894,3.752,2319.647,6275.613,1121.215,7396.828,1841.673,9238.5,2962.888,9240.673
2019 February,2135.384,2.291,2137.676,3.539,2141.215,5535.012,1009.262,6544.274,1558.853,8103.127,2568.115,8102.651
2019 March,2386.727,2.341,2389.068,3.605,2392.673,5752.323,1029.921,6782.245,1585.633,8367.877,2615.554,8365.861
2019 April,2349.565,2.082,2351.648,3.048,2354.696,5004.775,934.546,5939.321,1367.766,7307.087,2302.312,7303.249
2019 May,2450.756,2.076,2452.831,3.277,2456.108,4960.445,1012.688,5973.133,1598.452,7571.584,2611.139,7569.439
2019 June,2434.291,2.076,2436.367,3.311,2439.678,4723.115,1096.827,5819.942,1749.493,7569.434,2846.32,7570.23
2019 July,2511.898,2.192,2514.089,3.563,2517.652,4855.97,1283.236,6139.205,2086.24,8225.446,3369.476,8232.649
2019 August,2555.013,2.228,2557.241,3.573,2560.815,4946.115,1271.223,6217.338,2038.83,8256.169,3310.053,8262.147
2019 September,2330.631,2.308,2332.939,3.527,2336.466,4628.592,1161.659,5790.251,1775.025,7565.275,2936.684,7568.678
2019 October,2450.18,1.853,2452.032,2.654,2454.687,5078.109,1051.719,6129.828,1506.933,7636.761,2558.652,7634.95
2019 November,2316.831,2.096,2318.927,3.374,2322.301,5564.2,974.235,6538.435,1567.691,8106.126,2541.926,8105.398
2019 December,2367.528,2.212,2369.74,3.477,2373.216,5931.826,1057.115,6988.941,1661.233,8650.174,2718.348,8647.515
2020 January,2270.006,2.286,2272.291,3.477,2275.769,5932.291,1076.598,7008.889,1637.988,8646.877,2714.586,8642.665
2020 February,2162.135,2.112,2164.247,3.111,2167.358,5534.989,1005.378,6540.367,1480.934,8021.301,2486.312,8015.569
2020 March,2056.11,2.042,2058.152,2.929,2061.08,5130.06,989.118,6119.178,1418.849,7538.027,2407.967,7532.086
2020 April,1564.228,1.517,1565.745,2.101,1567.846,4024.175,895.311,4919.486,1240.348,6159.834,2135.659,6154.759
2020 May,1790.434,1.549,1791.983,2.316,1794.299,4090.222,937.301,5027.523,1401.609,6429.132,2338.91,6427.211
2020 June,1981.338,1.639,1982.977,2.512,1985.489,4108.203,1092.03,5200.233,1673.941,6874.174,2765.971,6875.357
2020 July,2154.31,1.897,2156.207,2.991,2159.198,4361.344,1294.957,5656.301,2041.479,7697.78,3336.436,7706.528
2020 August,2168.326,1.782,2170.108,2.833,2172.941,4411.124,1258.634,5669.758,2000.759,7670.517,3259.393,7678.625
2020 September,2070.096,1.822,2071.918,2.643,2074.561,4300.408,1100.556,5400.964,1596.774,6997.738,2697.33,7000.867
2020 October,2119.386,1.785,2121.171,2.599,2123.77,4664.115,1012.943,5677.058,1475.02,7152.078,2487.963,7151.465
2020 November,1998.472,1.791,2000.263,2.673,2002.936,4876.906,945.974,5822.88,1411.845,7234.725,2357.819,7232.978
2020 December,2059.47,2.121,2061.591,3.278,2064.868,5632.029,1075.907,6707.936,1662.801,8370.737,2738.708,8371.244
2021 January,2040.468,1.934,2042.403,2.959,2045.362,5806.015,1096.946,6902.961,1678.154,8581.115,2775.1,8579.756
2021 February,1864.541,1.868,1866.409,2.935,1869.345,5197.291,1022.57,6219.861,1606.595,7826.456,2629.165,7827.722
2021 March,2193.818,1.85,2195.668,2.538,2198.206,5316.777,1007.717,6324.494,1382.367,7706.862,2390.085,7701.885
2021 April,2178.681,1.725,2180.406,2.421,2182.827,4892.05,930.721,5822.771,1305.986,7128.757,2236.707,7123.461
2021 May,2304.657,1.66,2306.317,2.497,2308.814,4833.921,989.687,5823.608,1488.229,7311.837,2477.916,7308.803
2021 June,2332.072,1.732,2333.804,2.769,2336.573,4663.289,1154.673,5817.962,1846.281,7664.243,3000.954,7667.538
2021 July,2407.849,1.862,2409.711,2.995,2412.705,4733.309,1275.912,6009.221,2051.884,8061.105,3327.796,8068.089
2021 August,2426.227,1.911,2428.138,3.039,2431.177,4787.314,1300.106,6087.42,2067.913,8155.333,3368.019,8162.296
2021 September,2262.434,1.798,2264.232,2.576,2266.808,4577.588,1147.947,5725.535,1645.182,7370.717,2793.129,7372.982
2021 October,2352.842,1.818,2354.66,2.616,2357.276,4905.856,1030.859,5936.715,1483.245,7419.96,2514.104,7417.327
2021 November,2306.71,1.677,2308.387,2.511,2310.898,5326.015,979.701,6305.715,1466.935,7772.65,2446.636,7768.274
2021 December,2343.132,1.777,2344.909,2.634,2347.543,5742.363,1048.805,6791.168,1554.346,8345.514,2603.151,8341.212
2022 January,2173.603,1.926,2175.529,3.054,2178.583,6074.09,1150.617,7224.707,1824.103,9048.81,2974.72,9049.149
2022 February,2070.206,1.929,2072.134,2.778,2074.912,5474.525,1038.927,6513.452,1496.705,8010.157,2535.632,8008.549
2022 March,2371.82,1.975,2373.795,2.676,2376.471,5605.414,1036.48,6641.894,1404.223,8046.116,2440.703,8041.716
2022 April,2250.727,1.75,2252.477,2.319,2254.796,4987.83,968.158,5955.988,1282.964,7238.952,2251.122,7234.8
2022 May,2387.861,1.805,2389.667,2.674,2392.341,4815.072,1050.983,5866.054,1556.806,7422.861,2607.789,7421.174
2022 June,2357.683,1.75,2359.433,2.667,2362.1,4654.635,1181.356,5835.992,1800.451,7636.443,2981.808,7638.973
2022 July,2361.228,1.93,2363.158,3.033,2366.191,4683.36,1323.028,6006.389,2079.195,8085.584,3402.224,8091.409
2022 August,2460.401,1.825,2462.226,2.763,2464.989,4767.254,1323.624,6090.878,2003.376,8094.254,3327,8099.578
2022 September,2310.359,1.902,2312.262,2.682,2314.944,4588.309,1155.34,5743.649,1629.267,7372.916,2784.606,7373.921
2022 October,2355.739,1.843,2357.582,2.635,2360.217,4934.487,1008.634,5943.122,1442.092,7385.214,2450.727,7381.948
2022 November,2291.543,1.869,2293.412,2.824,2296.237,5327.013,989.071,6316.084,1494.66,7810.744,2483.731,7807.568
2022 December,2286.496,2.021,2288.518,3.177,2291.695,5785.762,1111.47,6897.232,1747.218,8644.451,2858.688,8643.872
2023 January,2216.419,1.937,2218.357,2.793,2221.15,5739.469,1102.275,6841.745,1589.168,8430.912,2691.443,8427.304
2023 February,2083.002,1.873,2084.875,2.537,2087.412,5245.144,990.877,6236.021,1341.99,7578.012,2332.868,7572.415
2023 March,2373.152,1.928,2375.08,2.67,2377.75,5636.489,1035.886,6672.375,1434.961,8107.336,2470.847,8101.263
2023 April,2279.658,1.733,2281.391,2.31,2283.7,4971.109,949.732,5920.84,1265.668,7186.509,2215.4,7178.277
2023 May,2413.167,1.766,2414.934,2.536,2417.47,4899.084,1011.396,5910.48,1452.362,7362.842,2463.758,7357.239
2023 June,2395.788,1.935,2397.723,2.924,2400.647,4708.19,1110.857,5819.047,1678.283,7497.33,2789.141,7494.671
