-1.3009932,7.9516172,5.2325616,4.7427516,2.4249938,2.0022178,0.098055676,0.82226443
-1.4710782,9.156334,3.228962,5.1049423,1.5390159,2.4455402,1.650441,0.11063396
-1.3097056,9.09226,2.3249717,3.921717,2.4210994,1.7102426,0.71709484,0.70904005
-1.3804024,10.262949,0.30175266,3.281296,2.9000862,1.547832,0.8938041,0.3545213
-1.330138,9.882046,0.22835964,2.1398041,4.530265,1.0481418,-0.21070847,0.5537183
-1.3885709,10.025798,-1.1573724,1.3876054,3.9865177,1.632553,0.47826812,0.42242953
-1.3919636,9.475121,-1.0352898,0.9249529,4.4463015,1.6270542,0.08221116,0.14694954
-1.4249696,8.907897,-0.21509631,0.6203695,5.4433722,1.4039664,-0.5173306,-0.19164793
-1.5619805,9.813803,-0.92428976,1.496008,4.7227006,1.3835355,0.29508874,-1.2997388
-1.499913,9.319302,0.7309386,1.3415171,5.987157,0.7812589,-1.0453869,-1.0760474
-1.486221,8.886359,2.445479,2.3800385,5.674381,0.93805844,-0.9190194,-0.7592733
-1.2940717,8.534457,3.9112852,3.3802383,4.4903016,1.0638783,-0.9275473,0.73599935
-1.2165818,8.499766,4.0383024,4.627428,1.4314487,1.7726808,0.5477431,1.4677973
-1.3739191,9.633047,2.229964,4.569881,1.5028554,1.9892714,1.4049821,0.83091295
-1.2515372,9.226293,1.7435405,3.568844,2.0381129,1.5147599,0.62524545,1.1081755
-1.2754605,10.248345,-0.3122508,3.3515203,1.5024582,1.6741164,1.39616,1.2520623
-1.2408904,10.0763445,-0.92118126,1.9378546,2.963573,1.3227264,0.36614078,1.361574
-1.3075144,10.300057,-1.8775438,1.6766425,2.9161265,1.5260048,0.8522256,1.0648886
-1.2853518,9.13916,-1.1579512,0.6767737,3.8359368,1.5711926,0.17010033,0.98135614
-1.3436259,8.870146,-0.8734985,0.62632877,4.397055,1.2677315,0.021782339,0.32137293
-1.4441022,9.840656,-1.0062363,1.4668378,4.389584,0.91635114,0.18420966,-0.46057943
-1.4485452,9.097216,0.7416931,1.3093421,5.345714,0.6065309,-0.94504267,-0.7863206
-1.450389,9.145976,1.1776444,2.0967457,4.261448,1.0782722,-0.27236968,-0.5287013
-1.3674358,7.9185987,3.2504716,3.3507926,2.5038025,1.6619047,0.3111836,-0.04487552
-1.342704,7.5450296,4.226483,3.5279968,2.8362896,1.611115,0.095475055,0.38266733
-1.465955,9.345535,1.3192197,4.5149865,-0.25101987,2.632189,2.8264463,0.18360952
-1.2666498,8.684045,1.4951127,3.6365602,0.65921414,1.9600346,1.7957771,1.0952942
-1.3324275,9.764694,-0.889232,3.8523757,-1.2508955,2.5505984,3.4644496,0.90430444
-1.2718561,10.075425,-2.5694425,2.258459,-0.0015563393,2.1490026,2.7963073,1.1936913
-1.3164157,10.083878,-3.033478,1.6227593,0.9097016,2.2108283,2.5284765,1.1388143
-1.3284756,9.269082,-2.5012686,1.010814,1.7260159,2.1216242,1.932501,0.72722876
-1.4032074,8.980269,-2.208338,0.75499094,2.2345886,2.0668654,1.6357849,0.04050517
-1.4891831,9.744149,-2.2121897,1.6623441,2.4574597,1.6108536,1.7962645,-0.6631229
-1.40187,9.182707,-0.60465366,1.3402582,3.8025947,1.0791719,0.40457994,-0.21376023
-1.3871578,9.486516,-0.4347285,2.0674765,2.6838894,1.4788355,1.0385665,0.2090121
-1.3155619,7.4310923,3.3283477,2.8314507,2.8275378,1.6126949,0.26240355,0.59179693
-1.1783242,6.6249413,4.819078,3.751617,0.9856409,1.5818104,0.12868467,0.6651753
-1.2893944,8.47079,1.7634085,4.081547,-0.58511585,1.9261274,1.9880553,0.30147487
-1.1652216,8.251101,0.90445745,2.734405,0.29391956,1.4766507,1.1554079,0.8773924
-1.263839,9.4647045,-1.0434957,2.4749088,0.42430234,1.4182073,1.5545434,0.37036055
-1.1933688,9.461728,-1.3631593,1.5923951,1.4750199,0.93522596,0.73329276,0.6481628
-1.227274,8.901401,-1.8297708,0.6172425,1.7231147,1.3406465,1.0268992,0.7077982
-1.1789968,8.193841,-1.4758862,0.11625535,2.5206027,1.151492,0.4592606,0.79342705
-1.2367873,8.203887,-1.5169526,0.07540688,2.6373272,1.1017512,0.4410813,0.24464254
-1.3627585,8.787618,-1.744557,0.7759357,2.565229,0.9154869,0.8431141,-0.7382472
-1.3087083,8.196425,0.53333825,0.5861356,4.4278207,0.17307591,-1.0075276,-0.6585684
-1.3755815,7.493989,2.5044975,1.6595452,3.3701398,0.9145582,-0.6506104,-0.83709574
-1.3281959,5.51273,5.7818794,2.3358166,3.3405287,0.9781689,-1.1696813,-0.8080535
-1.2324728,4.995924,6.503121,3.1968575,0.8523136,1.5306287,-0.5618873,-0.60984695
-1.4922887,7.26802,2.3984263,3.9916563,-1.5008544,2.2270658,2.393121,-1.9552896
-1.2560936,7.162832,1.4592791,1.8501558,0.99455565,0.92354095,0.34078595,-0.9126633
-1.325453,8.304072,-0.7278244,1.479606,0.749837,0.9298624,1.1135488,-1.1865176
-1.2860016,8.077009,-0.93698716,0.14738461,2.0806978,0.60943896,-0.017241249,-1.1257169
-1.3621011,7.649988,-1.0255142,-0.37782547,2.7431881,0.864479,0.010268369,-1.4051533
-1.3368253,7.169113,-1.1990141,-0.68981147,2.3746152,1.207792,0.03794477,-1.364936
-1.3385329,6.9605813,-0.7105212,-0.7251539,3.1684866,0.8040215,-0.39217606,-1.4736034
-1.3830925,7.767449,-0.8183825,-0.040806808,3.462679,0.48048788,-0.34423214,-1.667159
-1.3245084,7.6701903,0.2895021,0.3278205,3.788574,-0.0022949425,-1.0555651,-1.5869254
-1.2796543,7.4684734,1.2326012,0.83549273,3.2680092,0.36163318,-0.78561485,-0.8133178
-1.1807348,5.494699,4.5473943,1.6558876,2.7861164,0.65355754,-1.1428359,-0.25997958
-0.9924089,4.7826405,5.563484,1.9475138,1.7073969,0.42913008,-1.5679135,0.27989423
-1.1944947,6.3277545,3.4672663,3.4126017,-0.7724345,1.4673017,1.0653219,-0.3589917
-1.006116,6.2855144,2.4095175,2.5332441,-0.60773873,0.7115955,0.40874222,0.22975549
-1.0331525,8.188467,-0.26871547,1.6466409,0.49860394,0.19869342,0.22641192,0.4187518
-0.90162736,7.4977713,-0.28697082,0.27048844,1.6135701,-0.13697803,-0.663123,1.2691283
-1.0375502,7.3904643,-1.3533022,-0.45127788,1.5421094,0.41367194,-0.085876115,0.49935853
-1.012214,6.7064238,-0.9019206,-0.91139245,2.2214546,0.29003802,-0.6922802,0.3109498
-1.0681609,6.262474,-0.5290457,-1.1023262,2.5075781,0.290484,-0.82677066,-0.18951315
-1.1373614,7.3798685,-1.2085226,-0.21517982,2.0854545,0.16169593,-0.2732498,-0.5416784
-1.1403764,6.9719725,0.4514285,-0.18450406,3.313322,-0.57843286,-1.5496476,-1.0940458
-1.1697024,6.5094323,1.6342001,0.26779845,2.9512832,-0.1624895,-1.294641,-1.030333
-1.0709339,5.1362395,4.3980713,1.1063074,2.5676408,0.049287245,-1.8449144,-0.43312314
-0.9219615,3.7932584,6.6326666,1.7014122,2.108904,0.11537143,-2.3891616,0.2763232
-1.1533582,5.178074,4.494402,2.8668904,-0.22403213,1.1074203,0.25788596,-0.6009338
-0.89562786,5.5841427,2.8736055,1.6631463,0.77482176,-0.08207568,-0.91082793,0.49352154
-0.95576835,7.5921483,-0.03744993,1.3896573,0.34690195,0.06838139,-0.3272421,0.48599872
-0.8182361,7.5784135,-0.34356815,0.20103958,2.1913347,-0.5564042,-1.8374459,1.4337863
-0.96640754,7.6396475,-1.3263606,-0.32291037,2.183742,-0.011600646,-1.4568262,0.56620884
-0.9794346,6.8281064,-1.2552176,-0.9077599,2.270703,0.15571344,-1.7462085,0.027759448
-1.0169971,6.0604115,-0.6190401,-1.0629631,2.9989278,0.029326605,-2.029831,-0.4318136
-1.1224453,7.1823273,-1.4341967,-0.10481322,2.406333,-0.010873339,-1.3160105,-1.114955
-1.0461947,6.520814,0.47453672,-0.30128005,3.9035037,-0.66485804,-2.907704,-0.8757475
-1.0329107,6.5760846,1.3688242,0.7001342,3.2081063,-0.23867099,-2.6362026,-0.33354196
-0.9775986,5.2729516,3.6007159,1.4429214,2.9419012,-0.09510529,-3.099074,-0.2265425
-0.7087149,4.59202,4.2152896,1.9074198,1.3168088,-0.41804823,-3.750259,0.4021417
-0.91293925,5.3962812,2.7328968,2.5854776,-0.34320542,0.48733667,-1.929573,-0.45866165
-0.7335752,5.466309,2.036914,1.8933219,0.15443331,-0.2821403,-2.7577603,0.1898629
-0.74784154,7.124332,-1.2427747,1.7632245,-0.83585465,-0.13267471,-1.2950695,0.51173294
-0.6145558,7.345791,-2.125411,0.78030306,-0.16472241,-0.45484358,-2.0668864,1.2875289
-0.6980455,7.4123836,-2.9887545,0.36388,-0.45869064,0.22118193,-1.5078003,1.1512698
-0.7289962,6.301664,-2.9581013,-0.39238566,-0.614916,0.6850375,-1.6269009,0.5482308
-0.83256286,6.1448307,-3.01396,-0.40642056,-0.55042183,0.60365015,-1.4704407,-0.50841206
-0.9355325,6.552857,-2.4848008,0.113088526,0.6064015,0.009352614,-1.7645935,-1.2258139
-0.8988542,6.116551,-0.7688953,0.20599258,1.760809,-0.80287117,-3.063092,-1.5513419
-0.9150626,6.403593,0.09873614,1.1162239,0.93331045,-0.23664287,-2.7899036,-1.123586
-0.784958,4.5245895,3.193106,1.7162894,1.164296,-0.22313356,-3.6911378,-0.36001506
-0.6991789,3.5982723,3.8795183,2.7252793,-0.66447073,0.29862484,-2.8737364,-0.2396326
-0.8947285,5.9307494,0.113246724,3.3267562,-2.707121,1.225597,-0.27009445,-0.54867524
-0.7447358,5.508232,0.05215383,1.7543156,-0.8384192,0.02826466,-2.371619,-0.6794594
-0.7952875,6.941491,-2.6928115,1.3677403,-1.5372863,0.23654129,-1.1939492,-0.60807395
-0.65524656,6.8430257,-2.73443,0.60233486,-0.5471399,-0.27931124,-2.1530652,0.20639849
-0.65099245,6.4027643,-3.2972138,-0.27758536,-0.67035776,0.38746688,-1.6118125,0.95148206
-0.628618,5.647776,-2.9131842,-0.6790499,-0.30850077,0.29022872,-2.0232527,0.68615085
-0.7203743,5.6345816,-2.823203,-0.53064644,-0.17725895,0.058176614,-1.8936275,-0.33478996
-0.8711831,6.50474,-3.1719582,0.11088456,-0.05388564,-0.120867826,-1.5641186,-1.3736229
-0.81100476,6.3774657,-1.6473004,0.5411584,0.42286903,-0.54055345,-2.6677396,-1.3001132
-0.84364784,6.4403787,-1.3370526,1.3468215,-0.6918437,-0.025293157,-1.7466147,-1.1730678
-0.66358876,4.5637083,1.7448845,1.7595435,-0.26065955,-0.109051764,-2.6872954,-0.014800911
-0.54179615,3.904317,3.2223127,2.7740335,-1.7186397,0.3866685,-2.2810514,0.80631256
-0.71435195,6.1563163,0.008568398,3.6837828,-3.7248166,1.2017411,0.37847543,0.80466807
-0.4675932,5.7976527,-0.25518924,2.3580172,-2.712995,0.04763144,-1.0404837,1.5096401
-0.5729885,6.807861,-2.0952606,2.2649457,-3.0918708,0.19145778,-0.06709787,1.0333999
-0.51438195,7.429241,-4.11962,1.1339465,-3.0843606,0.037967272,-0.20148785,1.1196641
-0.5682054,7.21962,-4.4894767,0.6541853,-2.5948749,0.28746969,0.0015575871,1.1263423
-0.53013676,6.3768277,-4.1855645,-0.0036056903,-2.4636304,0.5184261,-0.45048723,1.1133823
-0.6192635,6.445311,-3.9549556,0.17885569,-2.0739324,0.29341266,-0.6042131,0.2583154
-0.7779837,7.0834346,-4.202536,1.0393312,-2.4736724,0.28777882,0.12826504,-0.91256434
-0.72507435,7.047875,-3.2366464,1.0188379,-1.6293516,-0.32725066,-1.0656106,-0.9971066
-0.68874353,6.751426,-2.2215428,1.5580657,-1.9684601,-0.0006796697,-0.75703967,-0.14886393
-0.52106935,5.8838577,-0.6664631,2.4827104,-3.3164785,0.25691125,-0.51075715,0.96847457
-0.32524765,4.899942,1.3877907,3.3333068,-4.274209,-0.003772502,-1.0372049,1.2592397
-0.5425366,6.841308,-1.0502294,3.475163,-4.4019647,0.35389376,0.526284,0.8929551
-0.2991557,5.7753196,-0.79200965,2.3358812,-3.800087,-0.4990087,-0.71414644,1.5013342
-0.3678501,7.0565724,-2.4283533,2.3080785,-3.8773866,-0.5210592,-0.13286223,1.4052311
-0.27718204,7.212993,-3.6873384,1.0841931,-3.2861881,-0.86179155,-0.7111994,1.7753091
-0.34759164,6.848147,-4.2991886,0.2549359,-3.0354812,-0.37822324,-0.343778,1.7710016
-0.3525258,5.853369,-3.98727,-0.46412715,-2.930271,-0.059617907,-0.7789272,1.3255365
-0.40794384,5.2409587,-3.5332704,-0.7169345,-2.5131986,-0.011227371,-0.99554783,0.8315886
-0.57620007,6.300233,-4.1338167,0.24382581,-2.5929432,-0.33760107,-0.33802992,-0.3905774
-0.5401868,6.4707265,-3.7829316,0.24988788,-2.713831,-0.78054106,-0.8249248,-0.7138119
-0.50043297,6.3714433,-2.5822468,0.8549649,-2.723525,-0.54097736,-0.79249555,0.19871889
-0.26126072,4.5331435,0.06322615,1.195167,-3.3365228,-0.11827062,-1.280001,2.0486906
-0.27508888,2.975724,3.9089553,2.4493585,-2.3248308,-0.5532248,-2.2673564,1.3433367
-0.4441158,5.075641,0.6780802,2.3506982,-2.9176579,-0.3902018,-0.70421845,0.79172134
-0.25272968,4.4731126,0.8160365,1.4614475,-2.3472512,-0.94102806,-1.8324329,1.4996728
-0.326857,5.857526,-1.0988137,1.4471087,-2.2448347,-1.099819,-1.2235962,1.3538285
-0.21762311,5.671098,-2.216168,0.15826133,-1.9145348,-1.2376482,-1.6096042,1.8783383
-0.35808742,5.647992,-3.2995777,-0.65154177,-2.0054834,-0.48666456,-1.0781851,1.3707845
-0.32980406,5.0178733,-3.1641467,-0.90052307,-2.0540624,-0.548767,-1.2460864,1.0536351
-0.38796487,4.473096,-2.7668808,-1.3370625,-1.6948903,-0.4584274,-1.4909893,0.54539025
-0.5601127,5.8613605,-3.6950018,-0.059290126,-2.459986,-0.6401883,-0.39210218,-0.72281986
-0.49598998,5.784506,-2.996499,-0.18108194,-1.9690154,-1.0226256,-1.374795,-0.66338897
-0.5201776,5.741606,-2.1861157,0.6217703,-2.7487893,-0.51869977,-0.79294324,-0.33191553
-0.36542442,4.5092473,-0.024522843,1.3726302,-3.3630762,-0.6192313,-0.95337254,0.3891276
-0.287738,2.8681953,2.3568206,1.11037,-2.9877305,-0.53899646,-1.5580554,0.8408722
-0.5209711,4.408027,1.5877222,2.6446452,-3.7765543,-0.048438862,0.11419748,0.3473385
-0.36216766,4.5999045,-0.33744723,1.1562146,-3.4298263,-1.0224459,-0.81740993,0.07887874
-0.43640083,5.655318,-2.0902739,0.7389469,-2.9079368,-0.99448276,-0.53547525,0.062063277
-0.320147,5.5027637,-3.1209543,-0.53292364,-2.5161085,-1.2249724,-0.96390367,0.6149409
-0.4500173,5.5236,-3.7245605,-0.84753317,-2.7683065,-0.67105657,-0.3107395,0.07063755
-0.45050088,4.41314,-3.2001255,-1.4958229,-2.5398314,-0.58851725,-0.72273076,-0.47297025
-0.4834993,4.2004867,-3.0144937,-1.5201716,-2.3141284,-0.6823478,-0.81136936,-0.79352313
-0.57915455,5.4066114,-3.8468633,-0.53477985,-3.0695572,-0.7521761,0.13668518,-1.292688
-0.48538837,5.25598,-2.864149,-0.48303184,-2.5097528,-1.2348275,-0.86306185,-0.98589003
-0.46690577,5.3857303,-2.4634628,0.27882174,-3.354387,-0.7520989,-0.20791063,-0.3031065
-0.34052652,3.151817,1.5891973,0.9750069,-3.0800793,-0.69267905,-1.2742202,0.32702932
-0.49463728,2.7438788,2.8723204,1.4929811,-2.7252097,-0.6088095,-0.97569656,-0.72535276
-0.6351846,4.8620887,0.92523414,1.7592809,-3.3223293,-0.35907134,0.9026082,-0.38178036
-0.31749487,4.5970554,0.75377834,0.76753706,-2.6384032,-1.541585,-0.25004783,0.9282583
-0.4044528,5.889954,-1.7210352,0.1400153,-2.8766594,-1.4770797,0.70886225,0.7058397
-0.350803,5.531866,-2.3414507,-0.97814155,-2.4940434,-1.560818,0.21952248,0.7054674
-0.43501815,5.4640026,-3.161781,-1.3451622,-2.716254,-0.8631828,0.87825656,0.6489784
-0.4282777,4.152071,-2.852108,-2.1363277,-3.0712333,-0.43467432,0.9120184,0.2900438
-0.5025789,4.4149075,-2.8694913,-1.6719363,-2.8571353,-0.87067825,0.9545637,-0.57671505
-0.57029855,5.4740744,-3.5520322,-1.2176989,-3.2200127,-0.85629404,1.3892704,-0.73951733
-0.50542015,5.160114,-2.698426,-0.99949306,-2.9800026,-1.3508348,0.82402426,-0.7582417
-0.5201776,5.4814215,-2.0154066,-0.23763847,-3.6947925,-0.87053704,1.1947016,-0.27741206
-0.37951708,3.3803833,0.943366,0.3252632,-3.4714265,-0.91694975,0.46499667,0.33287516
-0.4316327,2.6664553,3.155746,0.7547337,-2.209024,-0.92116934,-0.4274427,0.15950961
-0.7209185,4.356942,1.1490473,1.4867207,-3.0813434,-0.31473687,1.3774318,-0.93015146
-0.48716423,3.9554384,0.42608806,0.5215602,-3.3116055,-0.94178295,0.617527,-0.33796075
-0.5801823,4.95211,-1.2165643,0.02083359,-2.5566058,-1.0526422,0.73282456,-0.6286296
-0.4625608,4.785967,-2.4832633,-1.1769449,-2.4987874,-1.011654,0.50699615,0.045398653
-0.6049216,4.228102,-2.622939,-1.9310225,-1.9160281,-0.46950814,0.550124,-0.62765056
-0.56307477,3.0769818,-2.0241046,-2.4412713,-1.6630297,-0.39736724,0.102948435,-0.69894993
-0.6091683,3.1816869,-2.2999492,-2.380825,-1.9022875,-0.3844311,0.32135096,-1.149501
-0.67947966,4.390983,-2.6802049,-1.4989126,-1.9799714,-0.8772105,0.8402497,-1.4823071
-0.6265477,4.2693167,-1.5843785,-1.161518,-1.7445155,-1.3073925,0.099967375,-1.5674604
-0.71462405,4.4892697,-1.1722307,-0.6165851,-2.5701733,-0.78493774,0.6799693,-1.8383024
-0.54484147,2.6268544,1.9356241,-0.26894847,-2.0739663,-0.94392204,-0.23449185,-0.8345296
-0.43395254,1.5248555,3.8901165,0.5414868,-3.1377149,-0.8579027,-0.27393135,-0.5498474
-0.6383507,2.6775403,2.6738803,0.6603878,-2.7356071,-0.78669596,0.42526808,-1.3769743
-0.49869493,2.4711437,2.1706877,-0.39065138,-1.7681311,-1.7438111,-0.6061783,-1.329043
-0.5726184,4.1691756,-0.90719146,-0.5590588,-2.769564,-1.4189591,0.6798832,-1.3986493
-0.456954,4.1089725,-1.5577605,-1.664774,-2.1019,-1.7003257,-0.08078216,-0.80586886
-0.5773713,3.3193433,-1.8864094,-2.6476383,-1.6988668,-0.9921057,0.23615192,-1.2194692
-0.56386065,2.3213112,-1.513112,-3.103328,-1.9166607,-0.7772554,0.1631585,-1.5951911
-0.5761397,1.8019056,-0.7667813,-3.4418964,-0.9949857,-0.9091891,-0.4589991,-1.6546125
-0.6461563,3.5816433,-1.8720634,-2.1468568,-1.5693464,-1.4980617,0.52085954,-2.06283
-0.6141403,3.4889092,-0.69722843,-1.980659,-1.109435,-1.9779263,-0.40976876,-2.3530571
-0.5910558,3.733044,0.037041705,-1.0990677,-1.8171887,-1.531794,0.02913347,-1.4937981
-0.49131247,1.8656547,2.643213,-0.76406765,-1.8757341,-1.3022316,-0.68325347,-1.0757741
-0.330144,1.4309138,3.063003,-0.12884232,-2.9374392,-1.5144913,-0.77393264,-0.78401715
-0.56249297,2.717962,2.0300734,0.36013266,-3.1984944,-0.6967607,0.24619573,-1.2357066
-0.2561377,1.7915533,2.3337777,-0.3530514,-2.3413389,-1.8722408,-1.3936254,-0.31265426
-0.3438211,3.815631,-0.6139657,-0.5583958,-2.387394,-1.5439765,-0.30527937,0.096643925
-0.31516004,3.476476,-1.3354915,-1.7883353,-1.4665784,-1.1347625,0.20745447,1.1411883
-0.31932354,2.7604282,-1.6276742,-2.5434952,-1.349051,-1.1728494,0.08044249,0.62763476
-0.3044602,1.6966232,-1.5317699,-3.2576585,-1.7807472,-0.99612355,0.06358451,-0.103149526
-0.25458854,1.141795,-0.9818082,-3.5648293,-1.4941453,-1.7281775,-0.8031595,-0.78947675
-0.3812851,2.9205275,-1.9125224,-2.3258195,-1.8351974,-1.7256715,-0.01724874,-1.1617266
-0.26696578,2.5082657,-0.79225755,-2.3386745,-1.3217012,-2.3265476,-1.0919123,-0.92909837
-0.24392675,2.4937398,0.17995344,-1.4755644,-2.247325,-2.0959728,-0.9231446,-0.68241507
-0.18480617,-0.4050992,4.193486,-0.89934367,-2.7635567,-1.3122063,-1.5669273,-0.37552845
-0.47366858,0.6367655,3.5219972,-0.0267097,-1.8118327,-0.56104183,0.44126073,-0.15093222
-0.5330762,2.5640092,1.0787318,0.01938036,-2.7383492,-0.43858355,1.5148097,-0.0063340003
-0.28756437,1.9696673,1.411176,-0.9645653,-1.5026345,-1.2218288,0.10566354,1.0620553
-0.43733037,3.4925387,-0.09480482,-1.1078815,-1.1303824,-1.1724426,0.47609785,0.53414047
-0.5608382,3.1797378,-0.7976732,-2.2147965,-0.08605704,-0.41721398,1.2726216,0.9655485
-0.7763061,2.919836,-1.1653876,-2.8784566,0.3730622,1.0877217,2.6382284,1.3645755
-0.57533854,1.4386315,-0.8274152,-3.4247797,-0.2201828,0.13108644,1.151289,0.3135754
-0.44908798,0.42450133,-0.47177434,-3.807105,0.11460188,-0.573788,-0.56356007,-0.33193073
-0.60486114,2.1153016,-1.815696,-2.3081179,-0.79620475,-0.47689492,-0.022257898,-1.4358531
-0.5980001,2.152514,-1.0451305,-2.0296917,-0.014858598,-0.60382336,-0.5997663,-1.0639796
-0.6810438,2.7038097,-0.47781786,-0.93665326,-1.0172657,-0.17030764,0.6270405,-0.8158511
-0.3810508,1.0689867,2.0194898,-0.8310759,-2.0265226,-0.5959583,-0.1558367,0.23132965
-0.16423018,-0.02602217,4.221746,-0.22831774,-2.3940597,-1.272836,-0.99491554,0.53689694
-0.7518616,3.115183,0.9545458,0.51622236,-2.733172,0.3889482,2.7650754,-0.42258197
-0.56165403,2.3677142,1.0884988,-0.5285382,-1.7673107,0.017023787,2.0610664,0.6528562
-0.7458316,3.8835359,-0.8619941,-0.7342912,-1.0565164,0.53293335,2.891681,0.68911624
-0.5432395,2.9354405,-1.4470259,-2.3348727,-0.80271155,0.35169545,2.1751106,1.4569763
-0.59373814,2.267407,-1.6561841,-2.8496895,-0.7764578,0.37422395,2.290916,0.7551643
-0.62532365,0.99343604,-0.7668898,-3.5218065,-0.09274873,0.6561535,1.8045729,0.48417428
-0.3868769,0.70945793,-0.84764344,-3.8299298,-0.5163647,-0.73618174,0.1835373,-0.20280844
-0.35431665,2.082496,-1.3866184,-2.8376062,-0.9310488,-1.981054,-0.48842546,-1.2652745
-0.51049036,2.2542598,-0.45550606,-2.4895365,-0.11198106,-1.615741,-0.5099853,-1.407468
-0.5535388,2.3469863,0.6290253,-1.3811345,-1.132442,-1.0054806,0.23562013,-1.1762052
-0.27446166,0.7314423,2.7700217,-1.0135828,-1.9763659,-1.6588079,-0.5283443,-0.43820807
-0.19219622,0.014553934,4.0936117,-0.8263094,-2.0424368,-1.8132622,-0.9041371,-0.4623076
-0.65343314,1.9258336,2.1254182,-0.2256632,-1.9343762,-0.47172308,1.5568168,-1.3921028
-0.6098935,1.9877344,1.9523448,-1.0054386,-0.42915455,-0.3937872,0.960608,-0.23338541
-0.7551712,3.1029615,0.2385863,-1.0284188,-0.4669692,-0.1722557,1.513507,-0.82202774
-0.828558,3.0416543,-0.7931175,-2.0452194,0.6517332,0.4985547,2.302742,-0.0568303
-0.5173516,2.2926276,-1.300946,-3.0671608,-0.09583188,-0.5671002,0.7572524,-0.03404904
-0.44587642,0.7260903,-0.5983139,-3.939766,0.064938724,-0.6324059,-0.09456206,-0.58468527
-0.33627218,0.8025607,-0.8537091,-3.8409626,-0.43601063,-1.5371586,-0.5594276,-1.1116283
-0.5137169,2.0637467,-1.3299612,-2.943887,-0.57547617,-1.1428436,0.20999055,-1.5017298
-0.38875076,1.9356303,-0.32208976,-2.6043863,-0.2780554,-2.2415626,-1.0460223,-1.6989261
-0.35487583,1.9483984,0.82475984,-1.8477675,-1.2365993,-1.978809,-0.8897368,-1.0524342
-0.24038264,-0.16252646,3.851516,-1.1218283,-1.3482739,-1.3747084,-0.4553735,0.12044409
-0.14755364,0.06490582,3.761619,-0.60909474,-2.531737,-1.3033208,-0.033836424,0.35690936
-0.52467364,1.5509055,2.6880417,-0.040964164,-2.2340562,-0.6045043,0.9214158,-0.8871907
-0.24131219,0.69626397,3.2453315,-0.8138847,-0.9482449,-1.4204171,-0.51376814,0.16713573
-0.46986023,2.844423,0.22326645,-0.872211,-0.99365574,-0.77090603,1.2046416,0.5575822
-0.600486,3.0227554,-1.2552445,-2.1124966,-0.059332903,0.26067594,2.70817,1.5848539
-0.665289,2.1774533,-1.0368394,-3.1552408,0.47832003,0.67129964,2.302343,1.1005932
-0.6217872,0.66085744,-0.30304036,-3.952078,0.61275095,0.72223425,1.5676745,0.54638916
-0.34948072,0.26452297,-0.3706731,-4.2819657,-0.38508078,-0.9834696,-0.502881,-0.458386
-0.5032214,1.8569965,-0.97638375,-2.9471211,-0.098094314,-1.3391306,0.3628384,-1.3623508
-0.45621353,2.0300276,-0.0056280927,-2.8011043,0.60842985,-1.8825874,-0.74729544,-1.3993044
-0.39202276,1.6367083,1.3288387,-2.1441984,-0.3726277,-1.8208483,-0.72551256,-1.2455018
-0.29567987,0.026434887,3.704251,-1.5568757,-0.96668917,-1.4360919,-0.45965567,-0.37282598
-0.01679161,-1.3239069,6.007792,-0.99207354,-2.0233154,-2.4557533,-2.414888,-0.74023
-0.5112384,1.0558939,3.9517376,-0.0033829375,-1.6291157,-0.98257077,0.52837193,-1.0299871
-0.28120947,0.92056483,2.7525306,-1.3073391,-0.95229965,-1.5587629,-0.11761877,-0.12945098
-0.44124436,2.5419235,0.30383363,-1.633799,-0.38606286,-1.1741139,0.7483242,0.14445508
-0.6672989,2.4144073,-0.49042118,-2.604988,0.7785582,0.18377122,2.195195,0.5833515
-0.59625447,1.1360224,-0.46864882,-3.8245687,0.88018036,0.4443544,1.3735378,0.5692087
-0.19347328,-0.20041274,-0.32224786,-4.2756944,-0.3334484,-1.2122483,-0.54038495,0.06821459
-0.44000512,-0.29596967,0.06830087,-4.544636,0.8405793,-0.71016675,-0.05662669,-0.64421755
-0.6581028,1.4688517,-0.7075364,-3.425225,0.7913381,-0.9482848,0.67772734,-1.7924943
-0.35470197,1.3051177,0.050659847,-3.2712018,0.5241498,-2.1746564,-0.8624595,-1.591234
-0.40845764,1.2955554,0.7902457,-2.4273674,-0.43947625,-1.5775926,0.047729813,-1.2934405
-0.32533067,-0.50171053,3.5890417,-1.8532543,-0.20925914,-1.3054091,-0.09651206,-0.5147729
-0.42488512,-0.67511284,4.6998096,-1.0119894,-0.72451514,-0.450956,0.53195906,0.087992504
-0.70399225,1.421627,3.3126278,0.005292816,-0.75292444,0.3793452,1.9459932,0.11184481
-0.34047347,0.7224267,2.7321286,-1.3388889,-0.2069359,-0.8855944,0.3407412,1.018533
-0.23611332,1.7729576,0.6514433,-1.797847,-0.73607683,-1.8429321,-0.13472888,0.029192928
-0.45324385,1.6155896,0.123792276,-2.9307024,0.69748306,-0.7199008,0.49715737,0.8601213
-0.36947468,0.9125538,-0.27696988,-3.634571,0.9685512,-0.30112174,1.1005307,1.6234843
0.060086094,-0.7730461,0.09574158,-4.8728395,-0.40491116,-1.7107397,-1.4262748,1.0901048
0.042457405,-1.7688249,0.6699863,-5.372843,0.15127212,-1.8321563,-1.9940175,0.47515374
-0.31854525,0.65208423,-0.32899925,-3.542203,0.41079733,-1.7756984,-0.4050209,-0.9643962
-0.037473213,0.5966146,0.1305648,-3.3970022,0.039223954,-2.8472996,-1.2601303,-0.31577688
-0.15851776,0.5124679,2.0141609,-1.9732941,-0.41084492,-1.808284,-0.3378667,0.27789116
-0.1390452,-1.1751196,4.860658,-1.3138893,-0.5300757,-1.1938356,-0.46821404,1.173449
-0.038077846,-1.8119686,6.2819853,-0.81440246,-1.111039,-1.386957,-1.1877717,1.4847555
-0.3564324,0.04218987,4.4939017,-0.25127426,-0.95606,-0.21032423,1.0925052,1.7540724
-0.047598634,-0.41370434,4.1646695,-1.2784127,-0.12026612,-1.5471021,-0.71954536,2.2651987
-0.49905765,1.5976611,1.4459462,-1.225611,0.51111543,-0.11907662,1.5115201,1.7953979
-0.26386765,0.7180714,0.61035484,-3.4165154,0.822643,-0.6938123,0.17434792,2.2921197
-0.11829556,0.14519718,0.1360238,-4.138363,0.6266565,-1.2401048,-0.42585483,2.0498488
0.023966962,-1.208314,0.32085678,-4.8242283,0.27478066,-1.5732505,-1.2131222,1.4737635
0.052424174,-1.5972888,0.57820624,-5.045086,0.46069008,-2.1754236,-2.3068933,0.7547978
-0.33844098,0.47580257,-0.5390828,-3.5972967,0.37711006,-1.3099192,-0.37977642,-0.3800352
0.04999849,-0.3244038,1.0854827,-3.6441262,1.035753,-3.3225853,-3.0599496,-0.3417512
-0.038259096,-0.28172687,2.4007964,-2.2968616,-0.49231887,-2.4204042,-2.0245206,-0.13846596
-0.10874433,-1.2797817,4.613748,-1.2942533,-0.3014032,-1.1049944,-0.8103178,1.5177424
0.03354079,-1.9822415,6.193804,-0.77676743,-0.7242224,-1.4913274,-1.9388417,2.0530012
-0.37464312,0.7891201,3.4776125,-0.0150932735,-0.82975566,-0.3352708,0.9659369,1.664789
-0.08057445,0.1819528,3.263876,-1.3777148,0.110541,-1.3777815,-0.47458848,2.5936346
-0.13640043,1.141045,1.6819382,-1.8284026,0.59838295,-1.7747474,-0.3667414,1.9216574
0.032543443,0.7886006,0.71662366,-3.0490544,0.7277934,-2.006161,-0.8829942,2.5357928
-0.22983408,0.5317751,0.26257157,-3.8899813,1.2992816,-0.56118935,0.3286261,2.7335346
-0.072753645,-1.6568159,1.1471765,-4.9069643,1.4415375,-0.6262417,-0.7308351,2.284432
-0.16064112,-1.4398688,0.94338775,-4.9688377,1.3834454,-1.0624729,-1.0115601,1.0335841
-0.37449208,0.15001781,0.12229051,-3.9408453,1.1825033,-0.97879064,-0.40005493,0.064003006
0.08472733,-0.28231597,1.1484258,-3.5665922,0.93437916,-3.0467834,-2.7424018,0.2609875
-0.27128053,0.16463205,2.3660588,-2.242877,0.15608947,-1.5885106,-0.8435415,-0.046733655
-0.2695199,-1.5321789,5.2286267,-1.7692283,0.70365757,-0.9450727,-0.7391943,0.5719064
-0.046646718,-1.5321033,5.4113255,-1.2732072,-0.57962614,-1.6920352,-1.2479177,1.108522
-0.5139814,1.2689631,3.068173,-0.5689781,-0.4687826,-0.10709449,1.7733796,1.3746592
-0.22947896,-0.282173,3.8682983,-1.809701,0.3905587,-0.9033718,0.2943171,1.9221089
-0.33736038,1.1675164,1.4937874,-2.2171197,0.7039321,-1.2134416,0.56615394,1.1684445
-0.1382743,0.45449242,0.703321,-4.1277804,0.90077335,-1.0411533,-0.040614497,2.5007868
-0.6339151,0.040264722,0.69843006,-4.4462833,2.1616478,1.4414749,2.2925367,2.5033274
-0.25494367,-2.0596702,1.6163678,-5.273121,1.8208246,-0.046405707,0.033539806,1.6947231
-0.28646117,-2.125186,1.6591033,-5.4862294,2.0572894,-0.43778297,-0.46422514,0.8153719
-0.4486722,-0.6284739,0.44621044,-4.3885574,1.3959273,-0.55250436,0.32245997,-0.45127732
-0.3461105,-0.3239555,1.1007136,-3.8389227,1.5002553,-1.8846056,-0.51330537,-1.1578276
-0.6245,0.5389404,1.7359356,-2.6613948,0.89995885,-0.7483822,1.0803796,-1.0119231
-0.15542726,-1.6823429,4.585562,-2.6981978,0.72283757,-1.6441543,-0.4346114,0.35598525
-0.06802335,-2.3159761,6.3108807,-1.3442738,-1.1531881,-1.08227,-0.36233965,1.3444363
-0.48309875,0.5332601,3.32048,-0.94064736,-1.0372525,0.10673491,2.1943345,1.0889783
-0.444146,-0.8115764,4.315129,-1.7951771,0.72831696,0.3973458,1.6244597,2.0813556
-0.29618603,0.49003214,1.506853,-2.6020398,0.32337815,-0.8272862,0.3454679,1.0280521
0.06080395,-0.44333264,0.30042896,-4.238166,-0.23140396,-1.8851932,-0.8821937,1.4223092
-0.28376338,-1.0218809,0.5834143,-4.6938863,1.2789814,0.0014902693,0.72170717,1.9226636
-0.095392354,-3.0549366,1.2160038,-5.705658,0.95133847,-0.022963835,-0.57578135,1.9262192
-0.24393412,-3.014546,1.6230723,-5.4811025,1.9746926,-0.21707772,-0.8778469,0.87274885
-0.48784426,-0.8528438,0.5226379,-3.9117775,1.9924304,-0.57828337,-0.10032078,-0.61631256
-0.6233364,-0.49866852,1.1706825,-3.3429785,2.4323878,-0.28034264,0.25954276,-0.8472816
-0.39906505,-0.39185342,1.4477857,-2.6859334,0.63592184,-1.0597856,-0.24104159,-0.7672496
-0.43974823,-2.4672778,4.6629705,-1.825081,1.2158705,-0.044651113,0.19476576,0.21392621
-0.5414789,-2.991123,5.769885,-1.4301337,-0.08398628,1.437072,0.78506035,0.5195107
-0.44286156,-1.860286,4.218096,-1.0238353,-0.71535194,0.20188582,0.19825748,-0.34850046
-0.19268739,-1.9089743,3.0641255,-2.4001007,0.07763519,-0.5238225,-0.6711241,0.7621275
-0.2212124,-0.36203375,1.0091643,-2.5005984,-0.2177408,-0.5481894,0.3323867,1.1737462
-0.23153429,-1.8708615,1.121222,-4.4371624,1.5284973,-0.14749345,-0.5595069,1.1198946
-0.5036671,-2.1454008,0.65676016,-4.51239,1.7691253,0.9367428,0.28927854,0.63978714
-0.31435132,-3.1376717,0.70419264,-4.7838316,1.0977918,0.57842845,-0.21772599,0.47306263
-0.35557872,-3.8980682,1.6840347,-5.2392054,2.097677,0.4904345,-1.1536155,0.013968243
-0.5961864,-1.4539717,0.20974903,-3.4671755,1.4838749,0.33298117,-0.07373809,-1.2639488
-0.37604862,-1.1953887,0.6375211,-3.1308882,1.0549157,-0.91671723,-1.2561052,-1.4584718
-0.3870734,-1.2985007,1.8708842,-2.0987706,-0.25670138,-0.36375007,-0.57110167,-1.0737236
-0.43569818,-3.527061,6.2692547,-0.92964876,-0.71608555,0.22438797,-0.8945222,-0.93301606
-0.65524656,-3.690114,6.7266293,-0.57004184,-0.57696074,1.4129386,0.5100616,-1.0973947
-0.89930016,-0.80458397,3.5994682,-0.25724235,-0.94891334,1.5701793,1.9571091,-1.6053419
-0.67863333,-1.8271341,4.0452743,-1.5357867,0.34932965,0.87712526,0.724685,-0.7786646
-0.7919929,-0.021926338,1.224783,-1.9976066,0.57951903,0.6491739,1.1766869,-1.388936
-0.7731628,-0.70063734,0.10957859,-3.5548959,1.1750247,1.0379989,1.1903031,-0.9986011
-0.73365825,-1.3118917,-0.33739752,-3.9416602,0.5064232,1.536176,1.7341754,-0.5628848
-0.6950532,-2.67588,0.4870925,-4.3600893,0.973676,1.7349795,1.349782,-0.98093843
-0.6809532,-3.1735191,0.9481336,-4.694969,1.4082572,1.683222,0.76690894,-0.7541311
-0.85823905,-0.6918219,-0.53242886,-3.1501966,0.63217705,1.1993695,1.8849283,-2.0176356
-0.7377991,-0.76278996,0.95027816,-3.235999,1.4807342,0.17622103,0.67384744,-2.0718548
-0.8243793,-0.037372693,1.0948485,-2.4162176,0.37891948,0.4508139,1.7007996,-2.1328561
-0.6802051,-1.5007774,3.3245924,-1.7746146,-0.6138259,0.95439726,1.7646974,-1.0704484
-0.5946525,-2.5360425,5.4096437,-0.9621744,-0.3216425,0.8534682,1.3920591,-0.5073897
-0.84961736,-0.1085332,2.9513333,-0.35913786,-1.0958554,1.4471112,2.9118264,-0.9672464
-0.6961034,-1.5494561,3.591136,-1.3614014,0.16107628,1.0457015,1.4829873,-0.60730404
-0.62558055,-0.33183157,1.2747436,-1.9197999,0.5167864,0.8177477,1.5441701,0.11582691
-0.4611931,-1.0234295,0.59105957,-3.0821257,0.96693075,0.5089879,1.0382882,0.7337469
-0.49799988,-1.6133784,0.18848446,-3.8141775,0.9856069,1.3984729,1.6309842,1.29679
-0.4055636,-3.485199,1.0709836,-4.7209134,1.4030812,1.3322738,0.58154964,0.8512837
-0.6109817,-3.3858402,0.94866914,-4.516939,1.7161956,1.7367684,1.0914423,-0.20647673
-0.6803638,-1.56386,-0.32905704,-3.395068,0.6680691,1.1641754,1.2929362,-1.3988335
-0.5770464,-1.4366938,0.61602926,-2.8055542,0.65804017,0.4005031,0.66614103,-1.506161
-0.6051937,-1.2038448,2.0922952,-1.8017594,0.24709746,0.7816004,1.2509472,-0.9535425
-0.48344648,-3.2164514,4.497199,-0.99979085,-0.90719306,1.3325856,1.197806,-0.38977513
-0.5696185,-4.3263736,6.311656,-0.36685857,-0.9874925,2.14339,0.85539794,-0.69666386
-0.73160315,-2.0407364,4.4208574,0.4912557,-1.1589786,2.1552527,1.7795959,-1.0322495
-0.48287967,-2.2328966,3.2922678,-0.810424,-0.5165763,1.3328139,1.1802822,0.08373452
-0.48393765,-0.5168326,0.94629246,-1.7138436,0.05134465,0.722825,1.5252011,0.17970194
-0.35396913,-1.0463036,-0.020220874,-2.8608568,0.24687687,0.91875905,1.6474853,1.3524741
-0.39038295,-1.4500659,-0.6646599,-3.386178,0.19862503,1.4112394,1.8202626,1.301021
-0.37882182,-3.482178,0.56633645,-4.230348,1.0066035,1.5097121,0.87698436,0.60526735
-0.43872067,-3.9110546,0.6918389,-4.510239,1.2812918,1.7501775,0.8353397,0.23461375
-0.6440708,-1.5467514,-0.34757894,-3.1296458,0.7469365,1.2049787,1.6797326,-1.1784085
-0.589416,-1.6053803,0.43375129,-3.0164454,1.0997163,0.7949977,0.8631411,-1.249676
-0.5662107,-1.3274416,1.1132495,-2.1302297,0.09990352,1.13187,1.231431,-0.96172154
-0.32676637,-3.9197268,4.5889773,-1.3707296,-0.22969237,1.2454985,0.52727157,0.072448835
-0.33200285,-4.8535748,6.3225594,-0.4206401,-1.169519,1.6610951,0.3635371,-0.18540317
-0.5221726,-3.2134328,4.8166556,-0.08303256,-0.85015523,1.7105107,1.0544776,-0.79481286
-0.37589,-2.8010077,3.0625515,-1.2342085,0.24751247,0.791612,0.4015058,-0.29485914
-0.42908642,-1.4860235,0.8699287,-1.7329292,0.39010498,0.5353634,0.5498435,-0.8136818
-0.35790592,-2.508349,0.25124502,-3.3345492,1.2998317,1.124012,0.33410886,0.14765024
-0.32012442,-2.8465438,-0.039212666,-3.4540741,1.0711427,1.2755369,0.7104756,0.48228785
-0.29339784,-4.4101233,0.5240286,-4.199336,1.2491328,1.5046446,0.0035525209,0.1605268
-0.36319545,-4.284554,0.48259622,-4.013438,1.6151035,1.5099872,-0.17432545,-0.27336502
-0.47549725,-2.7747045,-0.519934,-3.1068344,1.0553573,1.5841739,0.5073176,-0.6883095
-0.4385016,-2.8106647,0.10769295,-2.5817382,1.249045,1.0481576,-0.4148115,-1.1940566
-0.44587642,-2.3151748,1.2398303,-1.8089408,0.6030033,1.1664903,0.014995365,-0.6908586
-0.16970117,-4.89422,4.831546,-1.3010362,-0.28525436,1.329842,-0.31176457,0.57189304
-0.2254137,-5.294074,5.4957027,-0.5520792,-0.92093074,1.781452,-0.07796241,0.09584443
-0.44403276,-2.6912339,2.8854175,0.21770006,-1.5567808,1.7926621,0.8951378,-0.6982785
-0.28557706,-3.9759078,3.341298,-0.65164334,0.078387536,1.3668534,-0.4715284,-0.21849315
-0.3759656,-1.7213423,-0.11923797,-1.0367017,-0.22012813,1.3198867,0.5956487,-0.221485
-0.18082394,-2.6605654,-0.24311255,-2.5590942,0.63423306,1.0362399,0.09854483,0.8775207
-0.20477752,-3.9943676,-0.4221731,-3.1679144,0.8286944,2.096032,0.044469275,0.98236656
-0.14296678,-5.5819426,-0.24766982,-3.6248212,0.3596458,2.6206298,-0.10659462,1.0351079
-0.251415,-6.193522,0.011566069,-3.7078786,1.0133424,2.8049147,-0.7136508,-0.04206301
-0.45396173,-3.822341,-1.8707151,-2.392211,-0.3802768,2.7165382,0.60971576,-1.2645925
-0.39085892,-3.1268017,-1.2834613,-1.8715179,-0.14795654,1.8778615,0.22567332,-1.2616885
-0.38859212,-2.9065466,0.107354745,-1.4125896,-0.21715768,1.7790833,0.32559836,-1.0532688
-0.21646711,-5.8989563,4.0275593,-0.6853083,-0.86836505,2.4392362,-0.17426373,-0.2954922
-0.03668733,-5.070647,3.0453763,-0.03676646,-1.019062,1.6800375,-0.37089127,0.7399759
-0.34904996,-3.0259762,1.7815161,0.5413839,-1.712997,2.5304956,1.055762,0.15329441
-0.1857657,-4.2864766,2.2113202,-0.24968098,-0.25576678,1.8219455,-0.16944745,0.16900268
-0.16769104,-2.3429427,-1.085146,-0.4408641,-0.39998138,2.0155385,0.34314477,1.1083081
0.012111119,-3.5250912,-1.2834163,-1.8509748,0.60644513,1.9387549,-0.3938268,1.8008492
0.0051292386,-4.5543356,-1.2347072,-2.402987,0.757073,2.4627926,-0.20311272,1.6530479
-0.039883677,-6.42485,-0.8942084,-3.1759138,0.4728267,3.175305,-0.53890973,0.9492004
-0.12328275,-6.628391,-0.2927663,-3.2882597,1.4426124,2.8296185,-0.9806768,0.020631982
-0.30792865,-3.6448338,-1.4448653,-2.0918102,0.9127357,1.7681549,0.051558997,-1.4918242
-0.234126,-3.450375,-0.41306937,-1.9220325,1.1463574,1.3217028,-0.47483513,-1.4507105
-0.19702475,-3.12808,0.31950057,-0.976598,0.23225182,1.518156,0.059447836,-0.83201677
-0.06747175,-5.2780943,2.348115,-0.56890965,-0.4856066,1.9798862,-0.041765142,-0.47840106
0.08941981,-6.3523145,4.17759,-0.4734465,-0.7819458,2.0950768,-0.104328975,0.500315
-0.341267,-4.693377,3.6416378,1.0755864,-1.4802487,2.9218886,0.9778903,-1.3005934
0.0033533871,-4.796573,1.9213862,-0.14050902,-0.4459173,1.8705217,0.08604074,0.021142868
-0.07297272,-3.1823826,-0.46017465,-0.5494882,-0.17934306,1.6849146,0.010584899,0.025323568
0.040689163,-4.05839,-1.1793902,-1.9818635,0.82179785,1.6180393,-0.28061202,0.65522754
-0.058389105,-5.003202,-1.6748722,-2.4551976,0.4775127,2.6612294,0.13851504,0.049557585
0.0066253725,-6.494708,-1.3398596,-2.8219705,0.5550449,3.0016463,-0.44459558,0.13903826
-0.040510908,-7.3696456,-0.6255397,-3.4057925,1.1234918,3.3606098,-0.61978364,-0.2624497
-0.24474284,-5.070408,-2.1090822,-1.727449,0.5522401,2.8833423,-0.11976171,-1.8978103
-0.11308169,-4.9175673,-1.9295652,-1.3094695,0.8515526,2.375428,-1.081137,-1.9181154
-0.15495868,-5.0386014,-0.8844698,0.0057507297,-0.19180669,2.8352823,-0.9878932,-1.9117755
0.060033284,-7.1850657,2.3817344,0.6180575,-0.7400892,3.0790515,-1.5105945,-1.161608
0.24102187,-7.805732,3.80782,1.4208735,-1.0716801,2.712473,-2.3461015,-0.5963422
-0.029350324,-5.808592,1.9824728,2.2714772,-1.5190231,3.384701,-0.84936434,-1.1542661
0.19098395,-6.180675,0.62919074,1.6955347,-0.74013096,2.9310858,-1.6763229,-0.39824495
0.21421207,-4.7437205,-2.3928778,1.3892205,-0.5090623,2.9800303,-1.6713825,-0.25239518
0.40518266,-5.769144,-3.4423215,0.48826224,0.15983649,3.197577,-2.3547266,0.98477495
0.38639772,-6.89593,-4.0140653,0.089071766,-0.21960063,4.5750523,-2.1454375,1.6633283
0.4059457,-8.363599,-3.4982548,-0.42552876,0.032592557,4.7648935,-2.458267,0.95761204
0.28700194,-7.4782696,-3.4553347,-0.7323301,-0.040854596,4.224145,-1.6140008,-0.10214186
0.055114124,-4.6719856,-4.6358795,-0.059116345,-1.3136824,3.6608856,0.26655272,-1.5182102
0.16911614,-4.3586774,-1.9498421,-0.6209562,0.5758579,1.6804107,-0.21111819,-1.8591435
0.11731759,-3.419679,-0.62945795,-0.1369292,-0.9841495,1.5445412,1.4040622,-1.8280821
0.30420768,-5.285776,2.7951622,0.58221036,-2.2144773,2.0853248,2.7598825,-0.5151599
0.2596405,-6.026016,4.3866353,1.1933308,-2.4583383,2.3981543,2.6028311,-0.0026285234
-0.10161118,-2.606959,1.2104366,1.7984573,-2.9549334,2.2096527,3.7108939,-1.4913399
0.2877048,-3.772893,0.4687778,1.0249629,-2.073294,1.6259668,2.7932737,-0.47485998
0.3249195,-1.9243857,-2.1611977,0.9403788,-2.1053126,1.640495,3.269777,0.48756608
0.51731056,-2.6212637,-3.4247317,-0.08936209,-1.7073307,1.7609566,2.69168,1.4638796
0.49350825,-3.9353976,-3.5730052,-0.5240362,-1.4998227,2.5847173,2.197348,1.5478321
0.482748,-5.166857,-3.11323,-0.9772765,-1.3936895,2.5363321,1.9422153,0.2849224
0.43580082,-5.710587,-2.8914838,-1.2494853,-0.8669216,2.564507,1.2187684,-0.52502537
0.21326753,-3.4953604,-3.7498345,-0.19475247,-1.0073835,2.1499512,1.6738398,-1.358724
0.44933403,-3.486836,-3.0258844,0.7271122,-0.89488345,1.640607,0.92861444,-0.7875543
0.44906217,-3.2141387,-2.6101787,1.4123832,-1.4376934,1.8665088,1.0309856,-0.56317055
0.6344485,-6.6829915,1.644041,1.8649092,-2.0212438,2.6497242,0.7129352,0.42115375
0.6653688,-7.4061284,2.9274406,2.613895,-2.8271763,2.447719,-0.018507022,-0.16183251
0.3871986,-4.8613276,0.8125565,2.8456616,-2.958848,2.5784483,0.8917567,-0.76246154
0.74312323,-5.3236413,-0.25483927,1.8574072,-1.1151993,0.9442257,-0.5666817,-0.68283486
0.6589083,-3.453156,-3.2699385,1.4257913,-0.9610039,0.9001792,-0.024219055,-1.0835907
0.860911,-4.5420322,-3.1035545,-0.34230766,-0.6228465,0.9773604,0.08380612,0.4916767
0.96636677,-5.7136364,-2.8249738,-0.9040348,-0.5922358,1.6594075,0.09727414,1.829555
0.8841843,-7.1441393,-2.3992658,-1.5147344,-0.47820586,2.0149453,-0.18392062,0.7827961
0.7820684,-7.2573104,-2.0154738,-1.6903588,0.3065908,1.7183403,-0.7715933,-0.24348012
0.6107292,-5.13603,-3.1425219,-0.5055059,-0.10339206,1.1330591,-0.09710278,-1.3503044
0.712747,-4.2918034,-3.2941294,0.5637691,-0.6524512,0.71077186,-0.21144922,-1.3676758
0.77051485,-4.59841,-1.8334682,1.5167902,-1.2518282,1.0706472,-0.4170713,-0.9362678
0.96150064,-8.245918,2.4895208,2.181206,-1.6378036,1.9708813,-1.3978711,0.031468846
0.9297336,-8.232035,3.11873,3.037293,-2.024794,2.037878,-1.4494534,0.537147
0.69328177,-5.116966,-0.2273195,3.6975012,-2.78407,2.4105794,0.19038455,0.07254002
1.1374264,-6.423756,-0.79058814,2.757622,-0.959452,1.4529301,-1.852174,1.7148335
1.0374714,-4.497168,-4.148662,2.8008173,-1.202225,2.057203,-1.3457047,1.8648361
1.1775429,-5.0116878,-4.5677495,1.6242623,-0.6002252,1.8401135,-1.3689374,2.3322818
1.2187245,-6.348729,-4.244827,0.63462967,-0.73228717,2.2225835,-1.2224051,2.380775
1.1163445,-8.086574,-3.4670994,-0.44771212,-0.71714455,2.935926,-1.5592675,2.428337
1.0694044,-7.883852,-2.7937284,-0.49156392,0.17003235,2.1518612,-1.6911445,1.0582292
0.76602644,-5.514975,-4.1653905,0.7681545,-0.5408165,1.798516,-1.0034264,-0.38800108
0.8820988,-5.181017,-3.6238065,1.464152,-0.25572336,1.196827,-1.4009714,-0.87808996
0.95044565,-5.412883,-2.5204694,2.5204115,-0.74794066,1.3904421,-1.7548382,-0.728155
1.1411442,-7.483155,-0.16017066,3.0404294,-1.8572551,1.7866073,-1.7622244,0.057155114
0.95095205,-7.253482,0.8335002,3.5779421,-1.3406501,1.9492491,-1.7821084,-0.14889911
0.6832472,-5.4180813,-1.2187978,3.6805937,-1.5439168,2.3581157,-1.1744992,-0.8627798
1.0743084,-5.140496,-3.2028348,2.9850576,-0.760769,1.5083584,-1.4838269,0.5522649
0.9361189,-3.8495183,-4.638051,2.7488475,-0.7629827,1.7308235,-0.84695005,0.6577035
1.1506047,-5.220968,-4.2921133,1.1010938,0.018547429,1.4506203,-1.281484,1.4083612
1.0346608,-5.4512234,-3.9396982,0.39433306,-0.16624913,1.685146,-0.46929237,1.0570877
0.9751171,-7.310168,-3.078926,-0.6995839,-0.11941654,2.4684122,-1.0369872,1.3075014
0.9567927,-7.3854804,-3.1235015,-0.23522225,0.2891907,2.1597466,-1.4752975,0.3474759
0.6238545,-4.9215684,-4.660809,1.0179254,-0.5892065,2.0696316,-0.8209252,-1.2624254
0.79539776,-4.849428,-3.4259536,1.4829755,0.29916248,1.1354827,-1.5089467,-1.6093215
0.7369724,-4.481092,-1.9630356,2.3906674,-0.6400475,1.4112101,-1.2841828,-1.0658712
1.0098985,-6.260016,-0.06598048,2.6205401,-1.1258318,1.4317517,-1.3958592,-0.108976
1.1312528,-7.668497,1.988434,3.4209776,-1.5982833,1.3779389,-2.1878946,0.27852705
0.7381815,-5.084451,-0.5164544,4.086763,-2.3767622,2.2141974,-0.72802705,-0.84270525
1.1396176,-6.468542,-0.48073253,3.2649958,-1.5129375,1.164494,-1.7178631,-0.6420249
1.2198355,-4.3818245,-3.4047785,2.8161001,-1.0670718,0.728297,-0.95096225,0.36696464
1.4117202,-5.2521057,-4.0432205,1.362814,-0.112586,0.36351228,-1.6631368,1.2251892
1.3369278,-5.9432135,-4.3031964,0.69024616,-0.3744558,1.1845024,-1.3231169,1.1626366
1.3646445,-7.822633,-3.4366734,0.07335719,0.061972648,1.3931757,-2.347151,1.3014705
1.1631254,-7.7255206,-3.6062522,0.080721796,0.049129203,1.5893227,-2.2583005,-0.060864836
0.9820535,-5.9018726,-4.168395,1.1434131,0.27495497,1.3088529,-1.8025802,-1.4050281
1.1856204,-5.5817275,-3.3317935,1.5969565,0.58784235,0.1447819,-2.0551517,-1.4671662
1.1743542,-5.7739415,-1.0172137,2.4189494,-0.13001798,0.21146041,-1.8742929,-1.3964639
1.3802105,-8.228458,1.9056109,3.136989,-0.95243627,0.8155691,-2.2879453,-0.5052462
1.3248227,-9.21842,3.8307827,3.577659,-1.4025366,1.3192146,-2.3309803,-0.29684824
0.84762704,-6.2898636,0.6479208,4.323118,-2.4602833,2.175288,-0.8272124,-1.4395704
1.4533933,-6.8210063,-0.1478118,3.555967,-1.6289433,0.6069396,-1.8634052,0.2965247
1.4275509,-4.641371,-3.4464803,2.9272404,-0.57613105,0.038485315,-1.4176627,0.4422008
1.4809362,-5.5900207,-4.066987,1.5071844,-0.26620096,0.28962514,-1.6241848,0.8309867
1.4708557,-6.3660107,-4.377302,0.91176265,-0.44153625,0.74415636,-1.5921627,0.82479626
1.4594157,-7.823006,-3.4048438,0.07237846,0.21237014,0.7533386,-2.1642926,0.6068577
1.2906759,-7.616949,-3.196637,-0.33692718,0.36669925,0.68213993,-2.121458,-0.46484455
1.039217,-5.692519,-3.659986,0.75306684,0.2466587,0.3870123,-1.2691185,-1.6327696
1.2573149,-5.3321586,-2.7772577,1.1563014,0.59465927,-0.7143424,-1.4853405,-1.4772985
1.3152113,-5.590984,-0.3471309,2.1114411,-0.5487006,-0.49351957,-0.85680753,-1.1776257
1.4625287,-6.667081,2.033971,1.9512446,-0.7536288,-1.1947216,-0.5938936,-0.3158497
1.3163066,-7.095719,4.6615105,2.299601,-1.0860479,-0.8418153,-0.029552665,0.14586109
1.0365725,-5.107485,2.8837128,2.9904935,-1.9696414,0.2257528,1.2750148,-0.29875025
1.3880011,-5.2561355,1.3152629,2.096769,-0.59001756,-1.3132929,0.72686696,0.16020936
1.3297192,-3.2076876,-2.1520126,1.5096856,-0.17847665,-1.611536,0.965826,-0.3215489
1.427513,-4.469129,-2.691044,0.3088354,0.54449713,-1.430078,0.23478992,-0.7157794
1.3199413,-5.4781675,-2.5592217,-0.60794586,0.76235086,-0.6049369,0.2022873,-0.4055063
1.4651585,-6.9685473,-1.4460126,-1.4014843,1.1403981,-0.81054604,0.0012549396,-0.07627765
1.3979073,-6.416623,-1.3277098,-1.5226316,1.0496192,-1.2455506,0.45598575,-0.5870495
1.171717,-4.4616528,-2.4423041,-0.5826659,0.37890926,-1.1404262,1.3452675,-1.4996701
1.2531738,-3.83046,-1.9635253,0.54993814,0.22279756,-1.7127303,1.2991674,-1.5509816
1.3648185,-3.3175375,-0.95708925,1.5312281,-0.77240694,-1.851077,1.5981075,-0.99031705
1.588946,-4.9204173,1.382608,1.6648319,-0.6485106,-2.2984369,1.3141782,-0.1378141
1.4295077,-6.0136576,4.278953,1.9527925,-0.8068951,-1.6393461,1.1565889,0.49203295
1.3697523,-3.8798018,1.9369049,2.2833576,-0.68564975,-1.9978148,2.0531735,0.0073223934
1.7068468,-3.914219,0.03629483,1.7064555,0.2490577,-2.9192846,1.6675665,0.78581846
1.4506274,-2.6549723,-1.7926191,1.4289737,-0.081911035,-2.1584537,2.3752124,0.47005787
1.6244907,-3.7625408,-2.483258,0.5332316,0.38336292,-2.1801596,1.7102362,0.5407802
1.4858853,-5.213197,-2.434848,-0.48736423,0.49705055,-1.0485516,1.4033356,0.32121992
1.6147202,-6.8660336,-1.5337938,-1.2460452,0.92165494,-0.88738275,1.1728988,0.17075406
1.5091285,-7.0886693,-1.0588628,-1.4405212,1.588378,-1.2399888,0.6775655,-0.34398523
1.2874341,-4.660432,-2.398956,-0.10085403,0.79712504,-1.3134305,1.6816956,-1.4105259
1.4208182,-3.964683,-2.1274369,0.8968954,1.0492076,-1.989304,1.1325243,-1.3595096
1.4560456,-3.804823,-1.0424489,1.6361885,0.12631777,-2.1659539,1.3948537,-1.2147553
1.8975679,-7.1591787,2.9552042,2.534843,-0.6684465,-2.133488,-0.18822838,-0.19112273
1.6131111,-6.6508865,3.164287,2.8123162,-0.54457414,-1.3162531,0.5664652,0.72416395
1.3066647,-3.1786327,-0.7181531,3.2037692,-1.2868409,-1.0272901,2.236955,-0.09928436
1.9636178,-5.3418555,0.7968,2.566653,0.44635117,-2.5568275,0.7773885,1.4400482
1.8077763,-2.8571951,-2.4680173,2.1659539,0.58738494,-2.4467435,1.6138247,1.4271915
2.0304005,-4.158645,-2.3145158,1.1302416,1.319147,-2.6086318,1.2260185,2.3477216
1.899593,-5.09048,-2.2737353,0.117943086,1.2420454,-2.065769,1.3971449,1.9859309
1.7324324,-6.6797843,-1.4717531,-0.9121933,1.5720053,-1.4536492,0.75646156,1.2888131
1.6335732,-6.638246,-1.7119346,-0.68962705,1.5345258,-1.6779842,0.7046865,0.07987475
1.3845476,-4.518172,-2.8516338,0.4894877,1.0688965,-1.4895349,1.5688742,-0.8582339
1.6107078,-4.767025,-2.0769465,1.1619757,1.4282148,-2.230737,0.93304855,-1.2980675
1.5590833,-4.9803348,-0.20596138,2.2809718,0.8485807,-1.9455284,0.28776863,-0.93013686
1.7043835,-7.630059,3.20044,2.872512,0.08201024,-1.3591747,-0.32760742,-0.25704464
1.8308461,-8.740396,4.854091,3.6721468,-0.19915286,-1.0362064,-0.691832,0.43404907
1.4557283,-4.452896,0.48136643,3.9406726,-0.95941997,-1.1349136,1.1907052,0.19979134
1.9565674,-6.289817,1.5411441,3.256057,0.88475394,-2.624976,-0.2649868,0.5371815
1.8647434,-4.2785153,-1.375673,3.294863,0.4382728,-2.2160397,0.64612,1.1267433
2.1399968,-5.670881,-2.6546502,1.2609749,1.6940181,-2.41639,-0.25374603,1.8573147
1.9841633,-6.4046316,-2.7079206,0.8542158,1.6314306,-1.7108163,0.15305099,1.3554034
1.8193073,-8.003467,-1.8048873,-0.199975,1.9533681,-1.1913862,-0.7131207,0.95915025
1.8642448,-8.296978,-1.4307022,-0.22994843,2.7525856,-1.6346736,-0.88807446,0.16294917
1.4360139,-5.5511556,-2.8078551,0.86227834,1.6714325,-1.1777296,0.056310203,-0.7284247
1.6478169,-5.55111,-1.3610381,1.9056832,2.136186,-2.1901677,-0.82792604,-0.8055058
1.6074665,-5.6212616,1.2322656,2.522278,0.7949866,-1.9248855,-0.0035075666,-0.3406666
1.7805512,-6.8017397,3.136287,2.744749,0.06404547,-2.2746363,0.24350856,-0.16543671
1.7337699,-7.833101,5.1458073,3.2410471,0.5847691,-1.9417229,-0.6688394,0.2968059
1.4241053,-5.0315633,1.6766171,4.1038723,-0.98066646,-0.8850004,1.199906,-0.25381002
1.9253976,-6.297595,1.5583397,3.5815172,0.5648362,-2.1572225,-0.027047032,0.66864485
1.9556533,-4.0528684,-2.2874513,3.1919901,1.1409432,-2.534936,0.61159277,0.9827534
2.1940393,-5.2972636,-2.3310077,1.8461527,1.872497,-2.7166247,0.054780114,2.1071417
1.9468956,-5.4138002,-2.7199357,1.0414138,1.6481558,-2.2102952,0.77635163,1.3594105
1.9845184,-7.5804152,-1.6483504,0.07391087,2.2697322,-1.9019713,-0.032006,0.8989652
1.8374047,-7.463571,-1.3218548,-0.118296996,2.5289352,-2.1032732,-0.16839603,0.27416813
1.5902226,-5.345423,-2.568642,0.8569309,1.9577546,-1.7948498,0.58866084,-0.90751666
1.7674181,-4.673358,-1.5196195,1.9820385,2.3779578,-3.0548518,0.15686491,-1.1064186
1.6435475,-5.208727,1.0715941,3.0775425,1.0562565,-2.1219683,-0.07463366,-0.8252857
1.832327,-6.9247885,2.7199008,3.517078,0.7155846,-2.1865854,-0.3681287,-0.57295394
1.775609,-6.725173,3.257243,3.8274066,1.1470141,-1.843816,0.41954035,0.13836108
1.6857723,-4.657419,1.7180264,3.9657528,0.7001758,-1.8932768,1.5663582,0.49596098
1.655494,-3.1500576,0.67906076,2.6267147,1.4700204,-3.4362347,1.8844757,0.008704335
1.2219967,1.3603976,-2.4259422,2.6265805,-0.8706166,-2.9136171,4.3928623,-0.11163718
1.721846,-0.1684225,-2.8503268,1.8927854,0.10106579,-3.2852433,3.8091035,1.6353968
1.8511269,-2.4638708,-3.2864795,1.5447153,0.88454413,-2.2092066,3.4277554,1.479602
1.7565144,-5.1270113,-1.9328138,0.35960144,1.9372978,-1.5395113,2.4644866,1.4907483
1.6307095,-4.925691,-1.8826234,0.19906604,2.2847118,-1.7317876,1.900727,0.613514
1.3735683,-2.7781336,-2.8106809,1.3343409,1.6528404,-2.039016,2.7018292,-0.9028732
1.5172894,-2.6046612,-1.7482966,1.8845755,2.1978292,-2.8634684,1.872338,-0.93277943
1.6658009,-2.5539172,-0.6693395,2.8904002,1.6335443,-2.8735833,1.7421738,-0.6257574
1.763247,-5.520929,2.8886952,3.6022868,1.2452251,-2.156045,0.78096116,-0.43489644
1.6248837,-5.7836275,3.7857113,3.9983256,1.0608467,-1.8467299,0.4830225,0.31226945
1.1678481,-3.7655177,1.2454704,4.897428,-1.7692038,0.2753609,2.715405,-0.60679084
2.0743325,-4.5522904,-0.20293884,4.722682,1.3630745,-2.7413454,1.2206162,-0.41200995
1.8857349,-3.0540743,-2.2752082,3.8683443,2.294698,-2.8755677,1.199067,-0.795747
2.189808,-4.3112755,-2.768219,2.889765,2.9597027,-3.1240237,0.7537499,0.2880725
1.910036,-5.7056727,-2.8175485,1.6971933,2.9210725,-1.6385621,0.6409583,0.62013423
1.8633759,-7.1401863,-2.2749996,0.9354646,3.0382073,-1.3261489,0.15729025,0.45483375
1.893578,-7.29077,-1.8942655,0.74088925,3.524084,-1.517825,0.14067575,0.030110553
1.6512399,-4.881704,-3.2162936,2.2239664,2.676724,-1.7151922,0.8314435,-1.1029944
1.8830525,-4.8751917,-2.9037452,3.2070951,3.1815975,-2.1072648,-0.05371781,-1.2015061
1.8984598,-5.2130017,-0.90141875,4.295704,2.2624652,-1.9149665,0.13442099,-0.79098654
2.173985,-6.584177,1.2694825,4.4827037,2.079153,-2.4101121,-0.12538883,0.13625523
2.1212118,-8.180529,3.6285014,5.3219395,1.2570524,-1.093159,-0.598202,1.003307
1.8280728,-5.701954,0.31725135,6.4308095,0.039533313,-0.3406419,0.62141174,0.087015815
2.438267,-7.058079,-0.99343985,6.290243,2.1609783,-1.6772257,-0.83610815,0.69953066
2.2680006,-4.9021244,-3.677082,6.0781684,2.0731733,-1.7168231,0.018934963,-0.56100434
2.4872544,-6.481043,-4.592282,4.62228,2.4723866,-1.6879311,-0.55050653,0.45959365
2.4134219,-7.386969,-4.6135373,3.7583036,2.6687682,-0.9038454,-0.91273814,1.5670257
2.240254,-8.449846,-3.4035962,2.5270104,2.9735472,-0.7239197,-0.7696842,1.097691
2.045883,-8.101343,-3.1176343,2.0918272,3.1429741,-0.9164079,-0.50520015,0.42770505
1.6559552,-5.4577804,-3.899734,2.9733741,2.6364653,-1.108966,0.7325393,-1.0964574
1.9106102,-5.0737967,-3.2425132,4.009473,2.8331268,-1.9410574,0.2888314,-1.7492117
2.0867782,-5.643067,-1.0793942,4.880355,1.959018,-1.7352444,0.34545323,-0.8709441
2.071937,-7.411324,1.8311138,5.159381,0.34002903,-0.9005315,0.7432323,-0.03183559
2.2109056,-6.872045,1.6531237,5.5298505,0.7655118,-1.750089,0.66187286,0.080320045
1.894387,-4.313709,-0.58073264,6.1779594,0.16102433,-1.2272655,2.302382,-0.7992065
2.464563,-6.2101235,0.124840975,5.5242777,2.0554094,-2.8565798,0.9904643,-0.32807237
2.2223382,-4.006299,-3.0555527,5.2611985,2.8685458,-2.6834147,1.6092528,-0.9490082
2.5902395,-5.008944,-3.3189616,3.7050579,3.2218626,-3.3510537,1.1707387,1.5493463
2.1710837,-5.720027,-3.5230973,2.8202908,3.3134565,-2.205977,1.6855342,-0.26121688
