1.237088918685913086e+00
8.958140611648559570e-01
7.764698266983032227e-01
6.635432243347167969e-01
5.314238667488098145e-01
4.896358251571655273e-01
3.792860805988311768e-01
2.985086143016815186e-01
2.938925325870513916e-01
2.671906352043151855e-01
2.432966232299804688e-01
2.333730757236480713e-01
2.462959140539169312e-01
2.186361700296401978e-01
1.695010960102081299e-01
2.063817381858825684e-01
1.753547936677932739e-01
1.685692220926284790e-01
1.722979247570037842e-01
1.501529216766357422e-01
1.078991293907165527e-01
1.521611213684082031e-01
1.431837230920791626e-01
9.523301571607589722e-02
9.863723069429397583e-02
9.673243761062622070e-02
1.092946231365203857e-01
7.147961109876632690e-02
7.331223785877227783e-02
7.401347160339355469e-02
5.874481052160263062e-02
8.121906965970993042e-02
9.186866879463195801e-02
6.579610705375671387e-02
5.424375087022781372e-02
5.453779548406600952e-02
6.981306523084640503e-02
6.141420453786849976e-02
4.507236927747726440e-02
4.995079338550567627e-02
5.683017522096633911e-02
4.401757568120956421e-02
4.772388935089111328e-02
3.840421140193939209e-02
3.861274570226669312e-02
5.775024741888046265e-02
4.335211217403411865e-02
4.082875698804855347e-02
4.716439545154571533e-02
3.089968860149383545e-02
4.011940956115722656e-02
3.374814614653587341e-02
3.967085480690002441e-02
3.899136930704116821e-02
4.006647318601608276e-02
3.622039780020713806e-02
3.129054233431816101e-02
3.499135375022888184e-02
3.512168675661087036e-02
3.701975569128990173e-02
3.525454550981521606e-02
3.208328038454055786e-02
2.592160552740097046e-02
2.570353448390960693e-02
3.367769345641136169e-02
3.772942721843719482e-02
2.625532820820808411e-02
3.585721552371978760e-02
3.204426169395446777e-02
3.622031584382057190e-02
2.628378942608833313e-02
3.478864580392837524e-02
3.411991894245147705e-02
3.480400890111923218e-02
3.060859255492687225e-02
2.727048844099044800e-02
2.761140838265419006e-02
2.181228250265121460e-02
2.339761517941951752e-02
2.904479764401912689e-02
2.724987640976905823e-02
2.954393625259399414e-02
3.297998383641242981e-02
2.402442879974842072e-02
3.297773748636245728e-02
2.433336153626441956e-02
1.848563179373741150e-02
2.599044144153594971e-02
1.999303512275218964e-02
2.948047965764999390e-02
2.837669849395751953e-02
2.030294016003608704e-02
2.349940687417984009e-02
2.272632718086242676e-02
2.037173137068748474e-02
1.708288863301277161e-02
2.649689465761184692e-02
2.429226785898208618e-02
2.465157955884933472e-02
2.040334977209568024e-02
2.277841791510581970e-02
1.632364653050899506e-02
1.508595049381256104e-02
1.740387454628944397e-02
2.545650303363800049e-02
1.982496678829193115e-02
1.570832729339599609e-02
2.057951129972934723e-02
1.411475427448749542e-02
2.461559325456619263e-02
1.992688700556755066e-02
1.865705847740173340e-02
2.009882777929306030e-02
1.876072026789188385e-02
2.277456782758235931e-02
1.775505766272544861e-02
2.048604190349578857e-02
2.396146580576896667e-02
2.261803671717643738e-02
1.770665124058723450e-02
1.715848408639431000e-02
2.026797831058502197e-02
1.500637456774711609e-02
1.712999492883682251e-02
1.720630750060081482e-02
2.128649130463600159e-02
2.334703318774700165e-02
1.636933907866477966e-02
1.434878818690776825e-02
1.691614463925361633e-02
2.107317931950092316e-02
1.325494423508644104e-02
2.356319129467010498e-02
1.902931928634643555e-02
1.900813542306423187e-02
1.204736996442079544e-02
1.140325143933296204e-02
2.118545025587081909e-02
1.224270090460777283e-02
1.574229076504707336e-02
1.148370280861854553e-02
1.939460076391696930e-02
1.883036270737648010e-02
1.448632124811410904e-02
1.685746386647224426e-02
1.148359291255474091e-02
1.264350116252899170e-02
1.892412453889846802e-02
1.602700725197792053e-02
1.653377711772918701e-02
1.790109835565090179e-02
1.412352360785007477e-02
1.978526823222637177e-02
1.345025934278964996e-02
1.111270207911729813e-02
9.935691952705383301e-03
1.196912117302417755e-02
1.115471683442592621e-02
1.216775644570589066e-02
1.799031533300876617e-02
1.623523794114589691e-02
1.778874360024929047e-02
1.173783186823129654e-02
1.035302318632602692e-02
1.567804254591464996e-02
1.407187432050704956e-02
9.204715490341186523e-03
1.151758618652820587e-02
1.284868828952312469e-02
8.161352016031742096e-03
9.993297047913074493e-03
1.355796121060848236e-02
1.154400594532489777e-02
9.168772026896476746e-03
8.743872866034507751e-03
7.245516870170831680e-03
1.444094255566596985e-02
1.033888757228851318e-02
1.398416608572006226e-02
1.308215223252773285e-02
9.951943531632423401e-03
9.717661887407302856e-03
1.548562012612819672e-02
1.197415310889482498e-02
1.266250945627689362e-02
1.456928532570600510e-02
1.444582641124725342e-02
7.781791500747203827e-03
1.243164204061031342e-02
1.110382191836833954e-02
1.462029665708541870e-02
1.435252651572227478e-02
1.438904460519552231e-02
1.170219480991363525e-02
1.007356960326433182e-02
7.977086119353771210e-03
1.487544365227222443e-02
1.069138199090957642e-02
9.659738279879093170e-03
1.002800464630126953e-02
1.116000674664974213e-02
1.366324536502361298e-02
1.209592539817094803e-02
9.982965886592864990e-03
1.012995932251214981e-02
6.517664995044469833e-03
1.026942022144794464e-02
7.529861759394407272e-03
8.854711428284645081e-03
1.155179552733898163e-02
8.804487064480781555e-03
1.234727911651134491e-02
1.196837704628705978e-02
9.903926402330398560e-03
1.187346503138542175e-02
8.486384525895118713e-03
1.075559202581644058e-02
1.252050139009952545e-02
9.149923920631408691e-03
1.159303449094295502e-02
1.084987819194793701e-02
9.764306247234344482e-03
1.279229111969470978e-02
1.002265140414237976e-02
7.742783054709434509e-03
7.625471800565719604e-03
8.993633091449737549e-03
1.107070781290531158e-02
7.072042673826217651e-03
6.352789234369993210e-03
9.724915027618408203e-03
1.065264455974102020e-02
8.282643742859363556e-03
6.834738887846469879e-03
9.597858414053916931e-03
1.148521620780229568e-02
6.926095578819513321e-03
9.415313601493835449e-03
5.742328241467475891e-03
8.568008430302143097e-03
8.230449631810188293e-03
1.104710251092910767e-02
1.148147322237491608e-02
8.639829233288764954e-03
6.376003846526145935e-03
7.096352986991405487e-03
6.317542865872383118e-03
1.049838587641716003e-02
8.305395022034645081e-03
8.900986984372138977e-03
6.035605445504188538e-03
1.043314114212989807e-02
6.395691074430942535e-03
9.115627966821193695e-03
6.755584850907325745e-03
9.381219744682312012e-03
8.987842127680778503e-03
7.542031351476907730e-03
6.809495389461517334e-03
9.471058845520019531e-03
6.481109187006950378e-03
9.679775685071945190e-03
6.451813504099845886e-03
9.365485981106758118e-03
7.791856303811073303e-03
8.812097832560539246e-03
6.735326722264289856e-03
5.807074718177318573e-03
8.246209472417831421e-03
5.757287144660949707e-03
7.176076527684926987e-03
5.640397779643535614e-03
6.731949746608734131e-03
6.867853924632072449e-03
8.086654357612133026e-03
4.105467814952135086e-03
7.754826918244361877e-03
8.859512396156787872e-03
4.897516220808029175e-03
5.202123429626226425e-03
8.484344929456710815e-03
4.572570789605379105e-03
5.087386816740036011e-03
5.925255827605724335e-03
7.804188877344131470e-03
7.879141718149185181e-03
5.483989138156175613e-03
7.421049289405345917e-03
8.631024509668350220e-03
6.172562949359416962e-03
7.642642129212617874e-03
6.271384190768003464e-03
5.198744125664234161e-03
3.558924887329339981e-03
6.768689025193452835e-03
3.430432640016078949e-03
5.965080112218856812e-03
5.219370592385530472e-03
6.905527785420417786e-03
5.847256164997816086e-03
4.733488894999027252e-03
4.042714834213256836e-03
3.901225514709949493e-03
4.870904143899679184e-03
3.956364467740058899e-03
4.721855744719505310e-03
8.356061764061450958e-03
5.245382897555828094e-03
7.903177291154861450e-03
3.593673463910818100e-03
6.444645579904317856e-03
5.341306328773498535e-03
6.930295377969741821e-03
6.992953363806009293e-03
4.399071913212537766e-03
7.482115644961595535e-03
7.052128203213214874e-03
5.964772310107946396e-03
4.978192970156669617e-03
6.916783284395933151e-03
4.841573070734739304e-03
4.291427321732044220e-03
7.293005473911762238e-03
6.754328496754169464e-03
6.339316256344318390e-03
4.871838260442018509e-03
5.338948685675859451e-03
4.073043353855609894e-03
5.783167667686939240e-03
5.396052729338407516e-03
7.144825067371129990e-03
3.927568905055522919e-03
6.541333161294460297e-03
4.582880064845085144e-03
4.254228435456752777e-03
5.506583023816347122e-03
4.556003957986831665e-03
4.198829177767038345e-03
4.066303372383117676e-03
4.997003823518753052e-03
4.853814374655485153e-03
6.002434995025396347e-03
6.763682700693607330e-03
6.345943547785282135e-03
6.539619062095880508e-03
6.188957486301660538e-03
6.444380618631839752e-03
6.424903869628906250e-03
3.653034102171659470e-03
3.642732510343194008e-03
5.090399645268917084e-03
6.260991096496582031e-03
3.104811534285545349e-03
5.791624542325735092e-03
5.300175398588180542e-03
3.197025507688522339e-03
5.116141401231288910e-03
5.869197659194469452e-03
4.848997108638286591e-03
3.585949772968888283e-03
6.189059931784868240e-03
2.667128108441829681e-03
3.462117630988359451e-03
3.691546618938446045e-03
5.313590168952941895e-03
2.756480360403656960e-03
2.272022189572453499e-03
4.522954579442739487e-03
3.489669878035783768e-03
4.547089338302612305e-03
5.494232289493083954e-03
3.070777747780084610e-03
4.967762157320976257e-03
3.535122377797961235e-03
4.981761798262596130e-03
4.677010234445333481e-03
5.510821472853422165e-03
4.548051394522190094e-03
3.488014917820692062e-03
2.772124717012047768e-03
5.069752223789691925e-03
3.441877895966172218e-03
5.677764303982257843e-03
5.134912207722663879e-03
3.980816341936588287e-03
5.276981275528669357e-03
4.336436279118061066e-03
3.632965497672557831e-03
3.091243561357259750e-03
4.755105823278427124e-03
4.207442514598369598e-03
4.848155193030834198e-03
3.122271038591861725e-03
5.178815685212612152e-03
3.892889944836497307e-03
2.631527371704578400e-03
5.397827364504337311e-03
4.797420930117368698e-03
3.267236286774277687e-03
4.206248093396425247e-03
