9.213494062423706055e-01
1.065883278846740723e+00
5.654114484786987305e-01
1.071038246154785156e+00
7.107549905776977539e-01
9.648826718330383301e-01
6.833710670471191406e-01
6.167057752609252930e-01
7.750274538993835449e-01
2.942088544368743896e-01
4.742803275585174561e-01
4.906765818595886230e-01
1.710826009511947632e-01
5.159779787063598633e-01
3.852530121803283691e-01
6.516856551170349121e-01
6.799151301383972168e-01
5.598689913749694824e-01
4.156523346900939941e-01
4.278037548065185547e-01
5.779227614402770996e-01
4.787392616271972656e-01
5.426962375640869141e-01
4.693122208118438721e-01
3.935003876686096191e-01
3.984606564044952393e-01
4.134573340415954590e-01
1.464526802301406860e-01
3.755418658256530762e-01
2.086195498704910278e-01
3.020797669887542725e-01
4.112380743026733398e-01
1.979266852140426636e-01
2.383389919996261597e-01
3.034423887729644775e-01
2.543258666992187500e-01
1.394169926643371582e-01
2.331176996231079102e-01
3.712350130081176758e-01
2.332586050033569336e-01
3.666142523288726807e-01
2.394924461841583252e-01
2.217223495244979858e-01
3.202595114707946777e-01
3.047418892383575439e-01
2.909158170223236084e-01
2.707470655441284180e-01
1.843286305665969849e-01
2.748320996761322021e-01
2.032710611820220947e-01
2.201885432004928589e-01
1.841444522142410278e-01
2.138542830944061279e-01
1.536926329135894775e-01
1.474116444587707520e-01
1.515086144208908081e-01
1.672826856374740601e-01
2.602633237838745117e-01
1.457961201667785645e-01
1.418278366327285767e-01
2.132359594106674194e-01
1.351782083511352539e-01
1.764930784702301025e-01
1.367138922214508057e-01
2.192929983139038086e-01
1.549070775508880615e-01
1.353243142366409302e-01
1.745061874389648438e-01
1.176890134811401367e-01
2.025289237499237061e-01
1.230675429105758667e-01
1.705284714698791504e-01
9.676754474639892578e-02
1.394161581993103027e-01
1.211757212877273560e-01
1.218266412615776062e-01
9.859205782413482666e-02
1.001945063471794128e-01
1.684849560260772705e-01
1.022308170795440674e-01
1.231142506003379822e-01
1.088030785322189331e-01
1.694122105836868286e-01
1.481928825378417969e-01
1.389349997043609619e-01
6.391316652297973633e-02
6.588994711637496948e-02
1.122480332851409912e-01
1.670228689908981323e-01
7.963922619819641113e-02
1.151520907878875732e-01
6.032919138669967651e-02
1.743927597999572754e-01
1.076208055019378662e-01
4.195450246334075928e-02
8.536468446254730225e-02
1.590902805328369141e-01
1.143296211957931519e-01
6.647301465272903442e-02
6.273254007101058960e-02
1.398605704307556152e-01
9.867651760578155518e-02
1.040375232696533203e-01
1.062154844403266907e-01
1.351779401302337646e-01
1.030780673027038574e-01
6.192789971828460693e-02
9.783557057380676270e-02
8.313997834920883179e-02
5.346533283591270447e-02
7.937447726726531982e-02
1.245630159974098206e-01
7.752603292465209961e-02
1.379031985998153687e-01
6.044704467058181763e-02
9.104652702808380127e-02
1.022871583700180054e-01
8.058802783489227295e-02
5.563693493604660034e-02
8.278970420360565186e-02
8.130289614200592041e-02
9.800501167774200439e-02
9.479157626628875732e-02
7.361823320388793945e-02
7.738023996353149414e-02
4.264866188168525696e-02
6.953786313533782959e-02
1.238565146923065186e-01
1.076612100005149841e-01
7.627192884683609009e-02
7.878953218460083008e-02
7.596039026975631714e-02
6.388507783412933350e-02
9.922263771295547485e-02
1.106627061963081360e-01
4.438665136694908142e-02
7.553243637084960938e-02
1.052891388535499573e-01
7.231220602989196777e-02
9.322556108236312866e-02
9.539154917001724243e-02
8.170979470014572144e-02
6.564939022064208984e-02
9.515049308538436890e-02
6.524340808391571045e-02
1.130884811282157898e-01
6.147481128573417664e-02
8.451912552118301392e-02
7.314334064722061157e-02
2.525790408253669739e-02
9.001167863607406616e-02
6.756891310214996338e-02
6.857606023550033569e-02
6.479988992214202881e-02
6.913141906261444092e-02
5.991820618510246277e-02
9.083315730094909668e-02
7.202844321727752686e-02
4.133483767509460449e-02
9.803269803524017334e-02
7.512626051902770996e-02
4.501522332429885864e-02
6.269712746143341064e-02
3.428044915199279785e-02
6.013807654380798340e-02
6.087864190340042114e-02
6.396297365427017212e-02
7.429841160774230957e-02
5.832366272807121277e-02
2.914414927363395691e-02
5.600988492369651794e-02
6.887722760438919067e-02
8.166602253913879395e-02
6.533560156822204590e-02
4.946961253881454468e-02
4.612760990858078003e-02
6.506925821304321289e-02
6.468920409679412842e-02
6.540770828723907471e-02
6.095810234546661377e-02
5.911588668823242188e-02
5.366728082299232483e-02
5.203360691666603088e-02
2.121344581246376038e-02
2.181332744657993317e-02
5.871751904487609863e-02
5.855245143175125122e-02
9.144223481416702271e-02
8.076126873493194580e-02
3.874976187944412231e-02
7.951074093580245972e-02
3.658662363886833191e-02
7.197738438844680786e-02
5.460740625858306885e-02
4.160851240158081055e-02
5.951386317610740662e-02
4.018343240022659302e-02
6.896226108074188232e-02
4.103585332632064819e-02
4.656502231955528259e-02
8.007754385471343994e-02
7.816909998655319214e-02
2.838492952287197113e-02
4.316024482250213623e-02
5.055309087038040161e-02
3.037502057850360870e-02
7.185571640729904175e-02
4.466747865080833435e-02
7.682979106903076172e-02
5.573511868715286255e-02
4.444970563054084778e-02
6.914760172367095947e-02
6.254030764102935791e-02
7.179927825927734375e-02
6.531247496604919434e-02
4.527732357382774353e-02
4.115755110979080200e-02
6.512987613677978516e-02
4.669242352247238159e-02
6.488709896802902222e-02
2.941246517002582550e-02
5.198461562395095825e-02
3.844865411520004272e-02
2.086099237203598022e-02
2.986266463994979858e-02
2.727431431412696838e-02
2.558469027280807495e-02
5.543758720159530640e-02
3.398426622152328491e-02
4.196748882532119751e-02
1.916998997330665588e-02
2.645658701658248901e-02
6.496518105268478394e-02
3.388643637299537659e-02
4.832473769783973694e-02
3.904955834150314331e-02
2.918774075806140900e-02
4.010772705078125000e-02
6.302539259195327759e-02
4.542683809995651245e-02
3.814503923058509827e-02
6.180432438850402832e-02
5.319257080554962158e-02
4.630281031131744385e-02
4.103035107254981995e-02
2.408340573310852051e-02
4.728376865386962891e-02
5.149918422102928162e-02
3.658629953861236572e-02
4.167915508151054382e-02
3.320419788360595703e-02
5.485339835286140442e-02
1.786208152770996094e-02
5.482299253344535828e-02
4.934876784682273865e-02
3.591370210051536560e-02
3.753479570150375366e-02
3.714098781347274780e-02
3.785141184926033020e-02
4.738372564315795898e-02
5.528755486011505127e-02
5.532031506299972534e-02
3.063653782010078430e-02
3.262931108474731445e-02
5.898725613951683044e-02
3.771075606346130371e-02
4.942648857831954956e-02
3.521598502993583679e-02
4.567207396030426025e-02
5.313859134912490845e-02
4.826690256595611572e-02
2.956455387175083160e-02
3.929203003644943237e-02
2.732960134744644165e-02
5.042899399995803833e-02
4.108168184757232666e-02
3.108829446136951447e-02
3.963706642389297485e-02
4.267802461981773376e-02
1.440277043730020523e-02
3.461854532361030579e-02
5.263344943523406982e-02
3.836727142333984375e-02
4.032135382294654846e-02
2.973946183919906616e-02
2.788704633712768555e-02
4.850296676158905029e-02
4.471207037568092346e-02
2.690375037491321564e-02
2.930350229144096375e-02
1.663623377680778503e-02
5.210991203784942627e-02
2.581619657576084137e-02
2.158473059535026550e-02
2.545164711773395538e-02
3.649149462580680847e-02
2.327413670718669891e-02
2.028987556695938110e-02
4.102139174938201904e-02
2.245665341615676880e-02
4.526469856500625610e-02
1.451598759740591049e-02
3.960838913917541504e-02
2.539151161909103394e-02
4.285161942243576050e-02
3.820941224694252014e-02
4.157392308115959167e-02
4.981474950909614563e-02
4.243486747145652771e-02
3.331624343991279602e-02
3.654229640960693359e-02
3.622997552156448364e-02
3.313623368740081787e-02
3.314550220966339111e-02
2.784638106822967529e-02
2.958776056766510010e-02
1.620197109878063202e-02
3.047603368759155273e-02
2.858889102935791016e-02
2.081551402807235718e-02
2.964636497199535370e-02
2.265435084700584412e-02
3.414609283208847046e-02
4.163284599781036377e-02
2.224977500736713409e-02
3.108892776072025299e-02
3.686526790261268616e-02
3.539689257740974426e-02
1.721822842955589294e-02
2.255889773368835449e-02
2.490406855940818787e-02
2.875384688377380371e-02
1.853712461888790131e-02
1.848343946039676666e-02
3.888870775699615479e-02
3.388718515634536743e-02
1.836418546736240387e-02
1.561823114752769470e-02
2.606723643839359283e-02
3.183304518461227417e-02
2.308750338852405548e-02
1.658848114311695099e-02
3.055088408291339874e-02
3.145582228899002075e-02
2.538099139928817749e-02
3.013827838003635406e-02
2.321254275739192963e-02
1.984249800443649292e-02
1.928512752056121826e-02
2.894110977649688721e-02
1.525554433465003967e-02
2.438083291053771973e-02
3.106807358562946320e-02
3.321056813001632690e-02
1.744797080755233765e-02
2.936673909425735474e-02
3.457560390233993530e-02
2.923837862908840179e-02
3.322251886129379272e-02
2.210405468940734863e-02
2.173785306513309479e-02
2.366131544113159180e-02
3.240019455552101135e-02
2.802133746445178986e-02
2.661392837762832642e-02
1.194555684924125671e-02
2.783207222819328308e-02
2.229350805282592773e-02
2.517662197351455688e-02
3.684992343187332153e-02
2.249085716903209686e-02
3.614924103021621704e-02
1.723454147577285767e-02
2.748938649892807007e-02
2.706560119986534119e-02
1.371789444237947464e-02
3.478322923183441162e-02
2.714394591748714447e-02
1.054777204990386963e-02
1.965499296784400940e-02
3.461020067334175110e-02
3.415615111589431763e-02
1.639477908611297607e-02
2.395118586719036102e-02
3.028298169374465942e-02
2.518266625702381134e-02
1.963531970977783203e-02
3.286333754658699036e-02
2.412042394280433655e-02
1.987287588417530060e-02
2.431282587349414825e-02
2.877706661820411682e-02
2.824123762547969818e-02
2.773104235529899597e-02
1.987843774259090424e-02
3.218353539705276489e-02
1.820660009980201721e-02
2.268226444721221924e-02
2.464780583977699280e-02
2.444614283740520477e-02
