1.296022415161132812e+00
1.114175319671630859e+00
1.171735048294067383e+00
6.722371578216552734e-01
1.034772753715515137e+00
1.040258884429931641e+00
9.710100889205932617e-01
6.948907375335693359e-01
7.029669284820556641e-01
8.425959348678588867e-01
5.150364637374877930e-01
8.943991661071777344e-01
8.215833902359008789e-01
8.499826192855834961e-01
5.780308246612548828e-01
8.575783371925354004e-01
7.601057291030883789e-01
7.320016622543334961e-01
4.719870090484619141e-01
6.485684514045715332e-01
6.846529245376586914e-01
6.634466648101806641e-01
6.780520677566528320e-01
6.931450366973876953e-01
5.565297007560729980e-01
6.264206171035766602e-01
5.639252662658691406e-01
5.347984433174133301e-01
5.159621238708496094e-01
5.636491179466247559e-01
2.904020547866821289e-01
4.597993493080139160e-01
4.702335894107818604e-01
2.513320744037628174e-01
2.074592858552932739e-01
4.163496494293212891e-01
4.266853034496307373e-01
3.803330659866333008e-01
3.890579342842102051e-01
3.667718470096588135e-01
3.528489470481872559e-01
3.578267395496368408e-01
3.341308534145355225e-01
3.195291757583618164e-01
3.333677649497985840e-01
2.980960905551910400e-01
3.053578138351440430e-01
2.935020625591278076e-01
2.825677394866943359e-01
2.732430696487426758e-01
1.018101125955581665e-01
2.508499026298522949e-01
9.808751940727233887e-02
2.475965321063995361e-01
2.369824647903442383e-01
2.325769960880279541e-01
2.268233448266983032e-01
2.178159505128860474e-01
2.090531289577484131e-01
7.578768581151962280e-02
2.119403779506683350e-01
2.081988453865051270e-01
2.036747336387634277e-01
2.037728726863861084e-01
1.915033012628555298e-01
1.992884427309036255e-01
5.979424342513084412e-02
1.910816580057144165e-01
1.845943629741668701e-01
1.783001422882080078e-01
1.813944131135940552e-01
1.748930215835571289e-01
1.784613430500030518e-01
1.693447232246398926e-01
1.721293777227401733e-01
1.669661551713943481e-01
1.664014607667922974e-01
1.664578169584274292e-01
1.640171706676483154e-01
5.403080955147743225e-02
1.615176051855087280e-01
1.609362661838531494e-01
1.561704874038696289e-01
1.528400182723999023e-01
1.564791798591613770e-01
1.522575616836547852e-01
1.482467502355575562e-01
1.417791992425918579e-01
1.445105969905853271e-01
4.352673888206481934e-02
1.443138420581817627e-01
1.408435404300689697e-01
1.430909633636474609e-01
1.384806185960769653e-01
1.372530162334442139e-01
1.403145790100097656e-01
1.417306959629058838e-01
1.301525682210922241e-01
1.392705142498016357e-01
4.213143140077590942e-02
1.274880468845367432e-01
1.315726786851882935e-01
1.313030570745468140e-01
1.305559426546096802e-01
4.211693629622459412e-02
1.289079934358596802e-01
3.803096711635589600e-02
1.156615614891052246e-01
1.252909451723098755e-01
1.196544617414474487e-01
1.184670254588127136e-01
1.196586489677429199e-01
1.202811747789382935e-01
1.160111278295516968e-01
1.199283674359321594e-01
2.787136845290660858e-02
1.125361323356628418e-01
3.139130026102066040e-02
1.165508851408958435e-01
1.160288900136947632e-01
3.084346465766429901e-02
1.135157793760299683e-01
1.111186593770980835e-01
1.081939190626144409e-01
1.118471920490264893e-01
1.080367490649223328e-01
1.083969846367835999e-01
1.098115593194961548e-01
1.074409559369087219e-01
3.036283329129219055e-02
1.071098521351814270e-01
1.065827161073684692e-01
1.028842777013778687e-01
1.032397374510765076e-01
1.029655486345291138e-01
1.014983505010604858e-01
1.008463501930236816e-01
9.543731808662414551e-02
1.018736064434051514e-01
3.136311098933219910e-02
2.820088900625705719e-02
9.933478385210037231e-02
3.086574934422969818e-02
9.812901914119720459e-02
9.677418321371078491e-02
9.505493938922882080e-02
9.603890776634216309e-02
9.337633103132247925e-02
3.090310096740722656e-02
9.397195279598236084e-02
2.797009423375129700e-02
3.018015995621681213e-02
9.050516784191131592e-02
2.903832681477069855e-02
2.983783558011054993e-02
2.737183123826980591e-02
8.972081542015075684e-02
8.847658336162567139e-02
2.845550328493118286e-02
8.955872803926467896e-02
8.739201724529266357e-02
8.495624363422393799e-02
2.702664956450462341e-02
2.614397183060646057e-02
8.752718567848205566e-02
8.565080165863037109e-02
8.482185006141662598e-02
8.389498293399810791e-02
2.750262618064880371e-02
2.761755324900150299e-02
2.546192891895771027e-02
2.746318280696868896e-02
8.585727959871292114e-02
8.658218383789062500e-02
2.739909663796424866e-02
8.358268439769744873e-02
8.148998022079467773e-02
8.349021524190902710e-02
7.897387444972991943e-02
8.297669142484664917e-02
8.345960080623626709e-02
7.939112186431884766e-02
7.613530009984970093e-02
8.183051645755767822e-02
8.123046159744262695e-02
2.755150385200977325e-02
8.085436373949050903e-02
7.647322863340377808e-02
7.779645919799804688e-02
7.899481058120727539e-02
7.229004800319671631e-02
7.782822102308273315e-02
2.715630456805229187e-02
7.545801252126693726e-02
7.886445522308349609e-02
7.586053758859634399e-02
7.685668766498565674e-02
7.411971688270568848e-02
7.599835842847824097e-02
2.578915655612945557e-02
