2.770744085311889648e+00
1.474098086357116699e+00
1.034742832183837891e+00
8.392014503479003906e-01
7.214208841323852539e-01
6.348954439163208008e-01
5.653606057167053223e-01
5.074865221977233887e-01
4.586087465286254883e-01
4.170048534870147705e-01
3.813904523849487305e-01
3.507494032382965088e-01
3.242590129375457764e-01
3.012470602989196777e-01
2.811620533466339111e-01
2.635492682456970215e-01
2.480331361293792725e-01
2.343022972345352173e-01
2.220978736877441406e-01
2.112037390470504761e-01
2.014390677213668823e-01
1.926520019769668579e-01
1.847143620252609253e-01
1.775177717208862305e-01
1.709700971841812134e-01
1.649929285049438477e-01
1.595189720392227173e-01
1.544905304908752441e-01
1.498578190803527832e-01
1.455777287483215332e-01
1.416128426790237427e-01
1.379304975271224976e-01
1.345021277666091919e-01
1.313027143478393555e-01
1.283101141452789307e-01
1.255049109458923340e-01
1.228696852922439575e-01
1.203891932964324951e-01
1.180496811866760254e-01
1.158389747142791748e-01
1.137460693717002869e-01
1.117611750960350037e-01
1.098754554986953735e-01
1.080809310078620911e-01
1.063704043626785278e-01
1.047374159097671509e-01
1.031760349869728088e-01
1.016809269785881042e-01
1.002472341060638428e-01
9.887052327394485474e-02
9.754676371812820435e-02
9.627229720354080200e-02
9.504373371601104736e-02
9.385804831981658936e-02
9.271239489316940308e-02
9.160415828227996826e-02
9.053106606006622314e-02
8.949086815118789673e-02
8.848160505294799805e-02
8.750142902135848999e-02
8.654865622520446777e-02
8.562170714139938354e-02
8.471917361021041870e-02
8.383967727422714233e-02
8.298205584287643433e-02
8.214513212442398071e-02
8.132783323526382446e-02
8.052923530340194702e-02
7.974839955568313599e-02
7.898449897766113281e-02
7.823672890663146973e-02
7.750438153743743896e-02
7.678677886724472046e-02
7.608330994844436646e-02
7.539333403110504150e-02
7.471635937690734863e-02
7.405186444520950317e-02
7.339931279420852661e-02
7.275828719139099121e-02
7.212839275598526001e-02
7.150920480489730835e-02
7.090034335851669312e-02
7.030148059129714966e-02
6.971226632595062256e-02
6.913240998983383179e-02
6.856159865856170654e-02
6.799954921007156372e-02
6.744600832462310791e-02
6.690073758363723755e-02
6.636348366737365723e-02
6.583403795957565308e-02
6.531217694282531738e-02
6.479770690202713013e-02
6.429043412208557129e-02
6.379016488790512085e-02
6.329674273729324341e-02
6.280998885631561279e-02
6.232973933219909668e-02
6.185583397746086121e-02
6.138813868165016174e-02
6.092653051018714905e-02
6.047084182500839233e-02
6.002096831798553467e-02
5.957677215337753296e-02
5.913810431957244873e-02
5.870493128895759583e-02
5.827707424759864807e-02
5.785442888736724854e-02
5.743691697716712952e-02
5.702442303299903870e-02
5.661686882376670837e-02
5.621414631605148315e-02
5.581615120172500610e-02
5.542282387614250183e-02
5.503406748175621033e-02
5.464980378746986389e-02
5.426992103457450867e-02
5.389441177248954773e-02
5.352311581373214722e-02
5.315601825714111328e-02
5.279304832220077515e-02
5.243409052491188049e-02
5.207911133766174316e-02
5.172806233167648315e-02
5.138083919882774353e-02
5.103740468621253967e-02
5.069767683744430542e-02
5.036163702607154846e-02
5.002918094396591187e-02
4.970027133822441101e-02
4.937485232949256897e-02
4.905287176370620728e-02
4.873427003622055054e-02
4.841901361942291260e-02
4.810704290866851807e-02
4.779830947518348694e-02
4.749274998903274536e-02
4.719031602144241333e-02
4.689098522067070007e-02
4.659470543265342712e-02
4.630142077803611755e-02
4.601112380623817444e-02
4.572371393442153931e-02
4.543918743729591370e-02
4.515748843550682068e-02
4.487859085202217102e-02
4.460244998335838318e-02
4.432902485132217407e-02
4.405827820301055908e-02
4.379018396139144897e-02
4.352467879652976990e-02
4.326176270842552185e-02
4.300136491656303406e-02
4.274347424507141113e-02
4.248805716633796692e-02
4.223506152629852295e-02
4.198448732495307922e-02
4.173625633120536804e-02
4.149038344621658325e-02
4.124682769179344177e-02
4.100552946329116821e-02
4.076649248600006104e-02
4.052968695759773254e-02
4.029505699872970581e-02
4.006258398294448853e-02
3.983225673437118530e-02
3.960402309894561768e-02
3.937788680195808411e-02
3.915380313992500305e-02
3.893174231052398682e-02
3.871168196201324463e-02
3.849361836910247803e-02
3.827749565243721008e-02
3.806329518556594849e-02
3.785100579261779785e-02
3.764061257243156433e-02
3.743205219507217407e-02
3.722535073757171631e-02
3.702046722173690796e-02
3.681734949350357056e-02
3.661602362990379333e-02
3.641644492745399475e-02
3.621858730912208557e-02
3.602245822548866272e-02
3.582798689603805542e-02
3.563520312309265137e-02
3.544405475258827209e-02
3.525454178452491760e-02
3.506663069128990173e-02
3.488032519817352295e-02
3.469557315111160278e-02
3.451238572597503662e-02
3.433073312044143677e-02
3.415059298276901245e-02
3.397196531295776367e-02
3.379480168223381042e-02
3.361911326646804810e-02
3.344488888978958130e-02
3.327206894755363464e-02
3.310069069266319275e-02
3.293070197105407715e-02
3.276209533214569092e-02
3.259486332535743713e-02
3.242898359894752502e-02
3.226443752646446228e-02
3.210122138261795044e-02
3.193931281566619873e-02
3.177870064973831177e-02
3.161937743425369263e-02
3.146130219101905823e-02
3.130448982119560242e-02
3.114891611039638519e-02
3.099455870687961578e-02
3.084141574800014496e-02
3.068948537111282349e-02
3.053872659802436829e-02
3.038914501667022705e-02
3.024071827530860901e-02
3.009345568716526031e-02
2.994731441140174866e-02
2.980229631066322327e-02
2.965839207172393799e-02
2.951559610664844513e-02
2.937388420104980469e-02
2.923324890434741974e-02
2.909366972744464874e-02
2.895515970885753632e-02
2.881767600774765015e-02
2.868123166263103485e-02
2.854581736028194427e-02
2.841140702366828918e-02
2.827800065279006958e-02
2.814557217061519623e-02
2.801413834095001221e-02
2.788367494940757751e-02
2.775416336953639984e-02
2.762559428811073303e-02
2.749797888100147247e-02
2.737128734588623047e-02
2.724552154541015625e-02
2.712066471576690674e-02
2.699671499431133270e-02
2.687365189194679260e-02
2.675148658454418182e-02
2.663018740713596344e-02
2.650975994765758514e-02
2.639018371701240540e-02
2.627146989107131958e-02
2.615358494222164154e-02
2.603654377162456512e-02
2.592032030224800110e-02
2.580491453409194946e-02
2.569032087922096252e-02
2.557652816176414490e-02
2.546353451907634735e-02
2.535132132470607758e-02
2.523987181484699249e-02
2.512921020388603210e-02
2.501930668950080872e-02
2.491016313433647156e-02
2.480177208781242371e-02
2.469410561025142670e-02
2.458718977868556976e-02
2.448098734021186829e-02
2.437550574541091919e-02
2.427073940634727478e-02
2.416669018566608429e-02
2.406333573162555695e-02
2.396067790687084198e-02
2.385868877172470093e-02
2.375740185379981995e-02
2.365678548812866211e-02
2.355683036148548126e-02
2.345753274857997894e-02
2.335889451205730438e-02
2.326090633869171143e-02
2.316357009112834930e-02
2.306685969233512878e-02
2.297079004347324371e-02
2.287534251809120178e-02
2.278050407767295837e-02
2.268629148602485657e-02
2.259268984198570251e-02
2.249969355762004852e-02
2.240728586912155151e-02
2.231547795236110687e-02
2.222424186766147614e-02
2.213360555469989777e-02
2.204354293644428253e-02
2.195404842495918274e-02
2.186511643230915070e-02
2.177675254642963409e-02
2.168894931674003601e-02
2.160167135298252106e-02
2.151496522128582001e-02
2.142879739403724670e-02
2.134315855801105499e-02
2.125805988907814026e-02
2.117348834872245789e-02
2.108943834900856018e-02
2.100590616464614868e-02
2.092288248240947723e-02
2.084037475287914276e-02
2.075837738811969757e-02
2.067686431109905243e-02
2.059585601091384888e-02
2.051534503698348999e-02
2.043531276285648346e-02
2.035576850175857544e-02
2.027670852839946747e-02
2.019811980426311493e-02
2.012000046670436859e-02
2.004234679043292999e-02
1.996515691280364990e-02
1.988843269646167755e-02
1.981216296553611755e-02
1.973634399473667145e-02
1.966098137199878693e-02
1.958604529500007629e-02
1.951155997812747955e-02
1.943751610815525055e-02
1.936390250921249390e-02
1.929071918129920959e-02
1.921796239912509918e-02
1.914562098681926727e-02
1.907370612025260925e-02
1.900219917297363281e-02
1.893110945820808411e-02
1.886043511331081390e-02
1.879015937447547913e-02
1.872028596699237823e-02
1.865081861615180969e-02
1.858174800872802734e-02
1.851305924355983734e-02
1.844477467238903046e-02
1.837686263024806976e-02
1.830933988094329834e-02
1.824219897389411926e-02
1.817543804645538330e-02
1.810904778540134430e-02
1.804302074015140533e-02
1.797737367451190948e-02
1.791208423674106598e-02
1.784716174006462097e-02
1.778260245919227600e-02
1.771839894354343414e-02
1.765454560518264771e-02
1.759104430675506592e-02
1.752789877355098724e-02
1.746509969234466553e-02
1.740262657403945923e-02
1.734051294624805450e-02
1.727873086929321289e-02
1.721728220582008362e-02
1.715616136789321899e-02
1.709537953138351440e-02
1.703492924571037292e-02
1.697479933500289917e-02
1.691498793661594391e-02
1.685550436377525330e-02
1.679633371531963348e-02
1.673748344182968140e-02
1.667893677949905396e-02
1.662070490419864655e-02
1.656278967857360840e-02
1.650517433881759644e-02
1.644786447286605835e-02
1.639085821807384491e-02
1.633415184915065765e-02
1.627772860229015350e-02
1.622161641716957092e-02
1.616580039262771606e-02
1.611025631427764893e-02
1.605501584708690643e-02
1.600006036460399628e-02
1.594538986682891846e-02
1.589099690318107605e-02
1.583688147366046906e-02
1.578304730355739594e-02
1.572949253022670746e-02
1.567621342837810516e-02
1.562320161610841751e-02
1.557046547532081604e-02
1.551798637956380844e-02
1.546577829867601395e-02
1.541383378207683563e-02
1.536215748637914658e-02
1.531074382364749908e-02
1.525957696139812469e-02
1.520868390798568726e-02
1.515804510563611984e-02
1.510764565318822861e-02
1.505749858915805817e-02
1.500760763883590698e-02
1.495796628296375275e-02
1.490857079625129700e-02
1.485941652208566666e-02
1.481050811707973480e-02
1.476183626800775528e-02
1.471341308206319809e-02
