2.652019643783569247e+00
2.536564016342162997e+00
2.418719196319579989e+00
2.303371357917785467e+00
2.201023864746093572e+00
2.076692891120910822e+00
1.984351158142089844e+00
1.899181699752807706e+00
1.793695878982543901e+00
1.713650512695312544e+00
1.646911478042602628e+00
1.581008362770080611e+00
1.515116071701049894e+00
1.452505230903625488e+00
1.403591656684875399e+00
1.353253698348999112e+00
1.289482438564300448e+00
1.246585583686828702e+00
1.206082463264465332e+00
1.162839818000793501e+00
1.128210580348968595e+00
1.095455408096313477e+00
1.065701079368591264e+00
1.032683229446411222e+00
9.962536811828612837e-01
9.686436176300048384e-01
9.436347723007202370e-01
9.248713970184325728e-01
8.972300052642822044e-01
8.697706460952758789e-01
8.477167129516601785e-01
8.297159194946288618e-01
8.126912832260131392e-01
7.967790126800536887e-01
7.832743167877197488e-01
7.650258541107177734e-01
7.484937071800231712e-01
7.314500927925109419e-01
7.191550314426422563e-01
7.070875167846679688e-01
6.934520244598388894e-01
6.813910663127898948e-01
6.722019731998443159e-01
6.630262374877929910e-01
6.537922620773315430e-01
6.461241364479064497e-01
6.339996933937073198e-01
6.256576061248779741e-01
6.174583196640014426e-01
6.083134174346923606e-01
6.019915461540221724e-01
5.934608578681945801e-01
5.840832471847534624e-01
5.751705527305602805e-01
5.704743146896362749e-01
5.623862862586974654e-01
5.557071924209594505e-01
5.488643765449523482e-01
5.398635089397429976e-01
5.357943058013916460e-01
5.281460404396056685e-01
5.243947029113769087e-01
5.186627864837646262e-01
5.143799304962157759e-01
5.096082329750061257e-01
5.043905079364776611e-01
5.010581731796264204e-01
4.952379822731017844e-01
4.899515867233276145e-01
4.861761093139648215e-01
4.822377204895019753e-01
4.792882502079010010e-01
4.746467590332031361e-01
4.685689508914947510e-01
4.656276583671569713e-01
4.626211166381836160e-01
4.581127643585204967e-01
4.549495160579681285e-01
4.514449596405029075e-01
4.471299648284912109e-01
4.442159891128539817e-01
4.418969631195068248e-01
4.377669930458069070e-01
4.350823521614074485e-01
4.331924915313720703e-01
4.292258739471435658e-01
4.258187055587768777e-01
4.240313291549682728e-01
4.212473034858703613e-01
4.196133852005005105e-01
4.172109365463256836e-01
4.148227930068969505e-01
4.118732213973999023e-01
4.100210905075073464e-01
4.064167737960815430e-01
4.041421532630920521e-01
4.029830574989318737e-01
4.004206538200378307e-01
3.972808003425598034e-01
3.963628053665161355e-01
3.949620366096496804e-01
3.931963443756103516e-01
3.901199460029601829e-01
3.881942152976989857e-01
3.866590738296508678e-01
3.827560544013977051e-01
3.814909756183624268e-01
3.799891948699951061e-01
3.779637366533279419e-01
3.768338680267334095e-01
3.747534483671188243e-01
3.741298556327820046e-01
3.711571216583252064e-01
3.703214943408966175e-01
3.685513734817504883e-01
3.675620257854461670e-01
3.663067936897277943e-01
3.639412105083465465e-01
3.625209152698516957e-01
3.605018734931945690e-01
3.590190082788467518e-01
3.574842333793640248e-01
3.563395857810974232e-01
3.535774648189544678e-01
3.524080455303192361e-01
3.510078966617584117e-01
3.493243575096130482e-01
3.472885012626648060e-01
3.454979240894317516e-01
3.443059682846069114e-01
3.426155805587768333e-01
3.414148330688476785e-01
3.404694616794586293e-01
3.385706007480621116e-01
3.376689821481704823e-01
3.367708206176757701e-01
3.356850683689117654e-01
3.346332550048828347e-01
3.337379813194275013e-01
3.331242799758911133e-01
3.314753711223602517e-01
3.300116539001464733e-01
3.298133969306945579e-01
3.280797243118286355e-01
3.270922541618347390e-01
3.266722321510314719e-01
3.258902430534362793e-01
3.245293736457824929e-01
3.240143835544586071e-01
3.226261913776397594e-01
3.210764110088348278e-01
3.204839766025543435e-01
3.189719974994659202e-01
3.180501341819763073e-01
3.173321485519409180e-01
3.165844738483428733e-01
3.144437491893768422e-01
3.136330366134643666e-01
3.127935528755187988e-01
3.123606920242309459e-01
3.115494132041931041e-01
3.101888298988342285e-01
3.088559985160827526e-01
3.080537199974059948e-01
3.077662944793700950e-01
3.068246126174926647e-01
3.066680550575256459e-01
3.046238303184509166e-01
3.038937687873840554e-01
3.029920339584350475e-01
3.014602899551391824e-01
3.012160539627075084e-01
3.004915356636047585e-01
2.992259740829467662e-01
2.985020935535430686e-01
2.977434277534484752e-01
2.972064137458801381e-01
2.966626405715942494e-01
2.958603322505951039e-01
2.953788995742797630e-01
2.945081949234008567e-01
2.933873027563095315e-01
2.928228497505188099e-01
2.911590218544006237e-01
2.907693445682525413e-01
2.899050354957580788e-01
2.889265298843383678e-01
2.884886503219604714e-01
2.885532855987548717e-01
2.863338887691497803e-01
2.854715824127197488e-01
2.849124014377594216e-01
2.828373521566390769e-01
2.822201609611511008e-01
2.814573585987091286e-01
2.809016525745391957e-01
2.801246285438537820e-01
2.794105648994446023e-01
2.788123965263366588e-01
2.785650014877319447e-01
