8.986339569091796875e+00
4.851806640625000000e+00
3.464864015579223633e+00
2.830154180526733398e+00
2.438437700271606445e+00
2.151106834411621094e+00
1.924122691154479980e+00
1.739146471023559570e+00
1.585956215858459473e+00
1.457661747932434082e+00
1.349193692207336426e+00
1.256686449050903320e+00
1.177141427993774414e+00
1.108209848403930664e+00
1.048036217689514160e+00
9.951441287994384766e-01
9.483494162559509277e-01
9.066955447196960449e-01
8.694051504135131836e-01
8.358404040336608887e-01
8.054764866828918457e-01
7.778772115707397461e-01
7.526780962944030762e-01
7.295741438865661621e-01
7.083061337471008301e-01
6.886552572250366211e-01
6.704344749450683594e-01
6.534832715988159180e-01
6.376636624336242676e-01
6.228561997413635254e-01
6.089573502540588379e-01
5.958768725395202637e-01
5.835361480712890625e-01
5.718656182289123535e-01
5.608045458793640137e-01
5.502992868423461914e-01
5.403020977973937988e-01
5.307706594467163086e-01
5.216675996780395508e-01
5.129590034484863281e-01
5.046149492263793945e-01
4.966083467006683350e-01
4.889149367809295654e-01
4.815127253532409668e-01
4.743818342685699463e-01
4.675044119358062744e-01
4.608639776706695557e-01
4.544456303119659424e-01
4.482359290122985840e-01
4.422224760055541992e-01
4.363938271999359131e-01
4.307395219802856445e-01
4.252500534057617188e-01
4.199165403842926025e-01
4.147308468818664551e-01
4.096854627132415771e-01
4.047732651233673096e-01
3.999879062175750732e-01
3.953234255313873291e-01
3.907741308212280273e-01
3.863347768783569336e-01
3.820006549358367920e-01
3.777670562267303467e-01
3.736298680305480957e-01
3.695850372314453125e-01
3.656288683414459229e-01
3.617578446865081787e-01
3.579685986042022705e-01
3.542581498622894287e-01
3.506234884262084961e-01
3.470618426799774170e-01
3.435707688331604004e-01
3.401476740837097168e-01
3.367902636528015137e-01
3.334963321685791016e-01
3.302637338638305664e-01
3.270905017852783203e-01
3.239748477935791016e-01
3.209148943424224854e-01
3.179089426994323730e-01
3.149554431438446045e-01
3.120526969432830811e-01
3.091993629932403564e-01
3.063939809799194336e-01
3.036352396011352539e-01
3.009217977523803711e-01
2.982524037361145020e-01
2.956260144710540771e-01
2.930413186550140381e-01
2.904974520206451416e-01
2.879931032657623291e-01
2.855274081230163574e-01
2.830995023250579834e-01
2.807083427906036377e-01
2.783530056476593018e-01
2.760327160358428955e-01
2.737466692924499512e-01
2.714939713478088379e-01
2.692739665508270264e-01
2.670858502388000488e-01
2.649289369583129883e-01
2.628025412559509277e-01
2.607059180736541748e-01
2.586385607719421387e-01
2.565997242927551270e-01
2.545889019966125488e-01
2.526054680347442627e-01
2.506488561630249023e-01
2.487184554338455200e-01
2.468138337135314941e-01
2.449344396591186523e-01
2.430797815322875977e-01
2.412494271993637085e-01
2.394427955150604248e-01
2.376594692468643188e-01
2.358990162611007690e-01
2.341610193252563477e-01
2.324450612068176270e-01
2.307507395744323730e-01
2.290775924921035767e-01
2.274252623319625854e-01
2.257934659719467163e-01
2.241816669702529907e-01
2.225896418094635010e-01
2.210170030593872070e-01
2.194634079933166504e-01
2.179285585880279541e-01
2.164120376110076904e-01
2.149135768413543701e-01
2.134329527616500854e-01
2.119697481393814087e-01
2.105237841606140137e-01
2.090946584939956665e-01
2.076821625232696533e-01
2.062860429286956787e-01
2.049059420824050903e-01
2.035416513681411743e-01
2.021929323673248291e-01
2.008595466613769531e-01
1.995411515235900879e-01
1.982376873493194580e-01
1.969487518072128296e-01
1.956742107868194580e-01
1.944137811660766602e-01
1.931672543287277222e-01
1.919344961643218994e-01
1.907152235507965088e-01
1.895092427730560303e-01
1.883163452148437500e-01
1.871363818645477295e-01
1.859690696001052856e-01
1.848143041133880615e-01
1.836718320846557617e-01
1.825415045022964478e-01
1.814232021570205688e-01
1.803166568279266357e-01
1.792217344045639038e-01
1.781382560729980469e-01
1.770661473274230957e-01
1.760050952434539795e-01
1.749549806118011475e-01
1.739157438278198242e-01
1.728871166706085205e-01
1.718690097332000732e-01
1.708613336086273193e-01
1.698637902736663818e-01
1.688763797283172607e-01
1.678988337516784668e-01
1.669311374425888062e-01
1.659730970859527588e-01
1.650245636701583862e-01
1.640854179859161377e-01
1.631556004285812378e-01
1.622349023818969727e-01
1.613232344388961792e-01
1.604204326868057251e-01
1.595264375209808350e-01
1.586411148309707642e-01
1.577643305063247681e-01
1.568959802389144897e-01
1.560359448194503784e-01
1.551841497421264648e-01
1.543404459953308105e-01
1.535047441720962524e-01
1.526769101619720459e-01
1.518569290637969971e-01
1.510446518659591675e-01
1.502398997545242310e-01
1.494426578283309937e-01
1.486528664827346802e-01
1.478703171014785767e-01
1.470950394868850708e-01
1.463268250226974487e-01
1.455656588077545166e-01
1.448114663362503052e-01
1.440640836954116821e-01
1.433234810829162598e-01
1.425895690917968750e-01
1.418622732162475586e-01
1.411414742469787598e-01
1.404270976781845093e-01
1.397191137075424194e-01
1.390173733234405518e-01
1.383218318223953247e-01
1.376324445009231567e-01
1.369490921497344971e-01
1.362717151641845703e-01
1.356002390384674072e-01
1.349346041679382324e-01
1.342747509479522705e-01
1.336205750703811646e-01
1.329720169305801392e-01
1.323290169239044189e-01
1.316914856433868408e-01
1.310593932867050171e-01
1.304326802492141724e-01
1.298112422227859497e-01
1.291950345039367676e-01
1.285839974880218506e-01
1.279781013727188110e-01
1.273772418498992920e-01
1.267813444137573242e-01
1.261904239654541016e-01
1.256043314933776855e-01
1.250231117010116577e-01
1.244466081261634827e-01
1.238748431205749512e-01
1.233077123761177063e-01
1.227451935410499573e-01
1.221872270107269287e-01
1.216337680816650391e-01
1.210847198963165283e-01
1.205400973558425903e-01
1.199997961521148682e-01
1.194637939333915710e-01
1.189320608973503113e-01
1.184044852852821350e-01
1.178811118006706238e-01
1.173618361353874207e-01
1.168465614318847656e-01
1.163353621959686279e-01
1.158281117677688599e-01
1.153247952461242676e-01
1.148253530263900757e-01
1.143297329545021057e-01
1.138379350304603577e-01
1.133498921990394592e-01
1.128655448555946350e-01
1.123849004507064819e-01
1.119078695774078369e-01
1.114344149827957153e-01
1.109645441174507141e-01
1.104981899261474609e-01
1.100352928042411804e-01
1.095758527517318726e-01
1.091198101639747620e-01
1.086671575903892517e-01
1.082177981734275818e-01
1.077717766165733337e-01
1.073289960622787476e-01
1.068894565105438232e-01
1.064530909061431885e-01
1.060198843479156494e-01
1.055898144841194153e-01
1.051628515124320984e-01
1.047389283776283264e-01
1.043180450797080994e-01
1.039001494646072388e-01
1.034852191805839539e-01
1.030732542276382446e-01
1.026641577482223511e-01
1.022579446434974670e-01
1.018545851111412048e-01
1.014540642499923706e-01
1.010562926530838013e-01
1.006613075733184814e-01
1.002690345048904419e-01
9.987947344779968262e-02
9.949257969856262207e-02
9.910835325717926025e-02
9.872673451900482178e-02
9.834775328636169434e-02
9.797129780054092407e-02
9.759739041328430176e-02
9.722601622343063354e-02
9.685711562633514404e-02
9.649071842432022095e-02
9.612673521041870117e-02
9.576516598463058472e-02
9.540604799985885620e-02
9.504924714565277100e-02
9.469483047723770142e-02
9.434273838996887207e-02
9.399294853210449219e-02
9.364543110132217407e-02
9.330017864704132080e-02
9.295716881752014160e-02
9.261634945869445801e-02
9.227777272462844849e-02
9.194134920835494995e-02
9.160709381103515625e-02
9.127493202686309814e-02
9.094490855932235718e-02
9.061699360609054565e-02
9.029110521078109741e-02
8.996730297803878784e-02
8.964554220438003540e-02
8.932577818632125854e-02
8.900804817676544189e-02
8.869224786758422852e-02
8.837842941284179688e-02
8.806657046079635620e-02
8.775657415390014648e-02
8.744853734970092773e-02
8.714236319065093994e-02
8.683808147907257080e-02
8.653562515974044800e-02
8.623503148555755615e-02
8.593624830245971680e-02
8.563926815986633301e-02
8.534407615661621094e-02
8.505065739154815674e-02
8.475895226001739502e-02
8.446901291608810425e-02
8.418080955743789673e-02
8.389432728290557861e-02
8.360951393842697144e-02
8.332636952400207520e-02
8.304489403963088989e-02
8.276509493589401245e-02
8.248688280582427979e-02
8.221030980348587036e-02
8.193534612655639648e-02
8.166195452213287354e-02
8.139019459486007690e-02
8.111992478370666504e-02
8.085123449563980103e-02
8.058410137891769409e-02
8.031848073005676270e-02
8.005435764789581299e-02
7.979170978069305420e-02
7.953056693077087402e-02
7.927090674638748169e-02
7.901266217231750488e-02
7.875592261552810669e-02
7.850059866905212402e-02
7.824666798114776611e-02
7.799416780471801758e-02
7.774305343627929688e-02
7.749333232641220093e-02
7.724498957395553589e-02
7.699801027774810791e-02
7.675237208604812622e-02
7.650806009769439697e-02
7.626510411500930786e-02
7.602346688508987427e-02
7.578311860561370850e-02
7.554406672716140747e-02
7.530631124973297119e-02
7.506982237100601196e-02
7.483460754156112671e-02
7.460063695907592773e-02
7.436793297529220581e-02
7.413644343614578247e-02
7.390618324279785156e-02
7.367712259292602539e-02
7.344929128885269165e-02
7.322262227535247803e-02
7.299717515707015991e-02
7.277288287878036499e-02
7.254975289106369019e-02
7.232779264450073242e-02
7.210696488618850708e-02
7.188730686902999878e-02
7.166876643896102905e-02
7.145135104656219482e-02
7.123501598834991455e-02
7.101980596780776978e-02
7.080569118261337280e-02
7.059268653392791748e-02
7.038070261478424072e-02
7.016983628273010254e-02
6.996002048254013062e-02
6.975124031305313110e-02
6.954352557659149170e-02
6.933684647083282471e-02
6.913119554519653320e-02
6.892657279968261719e-02
6.872297078371047974e-02
6.852035224437713623e-02
6.831873208284378052e-02
6.811811029911041260e-02
6.791847944259643555e-02
6.771984696388244629e-02
6.752212345600128174e-02
6.732540577650070190e-02
6.712963432073593140e-02
6.693481653928756714e-02
6.674093753099441528e-02
6.654796749353408813e-02
