1.017695069313049316e+00
9.002330303192138672e-01
5.674159526824951172e-01
8.444539308547973633e-01
8.121677041053771973e-01
5.512863397598266602e-01
4.579806327819824219e-01
4.278067350387573242e-01
3.743028044700622559e-01
4.223262071609497070e-01
3.812562227249145508e-01
3.528103232383728027e-01
4.227206707000732422e-01
2.253258228302001953e-01
1.921159029006958008e-01
2.201214134693145752e-01
2.647388875484466553e-01
2.323998361825942993e-01
2.468399554491043091e-01
1.727492660284042358e-01
1.841231584548950195e-01
1.980457305908203125e-01
1.607420146465301514e-01
1.737873852252960205e-01
1.588642001152038574e-01
1.599757522344589233e-01
1.273307800292968750e-01
1.359551250934600830e-01
1.515140235424041748e-01
1.408832520246505737e-01
1.278960704803466797e-01
7.586392760276794434e-02
9.280174970626831055e-02
6.816542148590087891e-02
6.533619761466979980e-02
7.097351551055908203e-02
7.145585119724273682e-02
6.902521103620529175e-02
6.714089214801788330e-02
6.341674178838729858e-02
6.142098084092140198e-02
7.198180258274078369e-02
7.075668871402740479e-02
6.924723833799362183e-02
6.829923391342163086e-02
5.394481122493743896e-02
6.500457972288131714e-02
6.198842450976371765e-02
4.705402255058288574e-02
5.145233869552612305e-02
5.012285336852073669e-02
4.126964509487152100e-02
4.842363297939300537e-02
4.766596481204032898e-02
3.917901962995529175e-02
4.185511171817779541e-02
5.762795731425285339e-02
4.331404343247413635e-02
3.722416609525680542e-02
4.003605246543884277e-02
3.745424374938011169e-02
3.597405180335044861e-02
4.285643249750137329e-02
3.973357379436492920e-02
5.118006840348243713e-02
3.872686624526977539e-02
4.324494302272796631e-02
2.920474112033843994e-02
3.531914204359054565e-02
4.101111367344856262e-02
3.685665503144264221e-02
4.287186637520790100e-02
2.899893000721931458e-02
3.507400304079055786e-02
4.436779767274856567e-02
4.286647588014602661e-02
3.208059072494506836e-02
3.675826266407966614e-02
2.302483841776847839e-02
3.902762383222579956e-02
3.187275677919387817e-02
3.709662333130836487e-02
3.414699435234069824e-02
2.571616321802139282e-02
3.140204772353172302e-02
3.386035561561584473e-02
3.755606710910797119e-02
3.062110394239425659e-02
3.299425542354583740e-02
3.158763051033020020e-02
2.871218696236610413e-02
2.592980861663818359e-02
2.682639472186565399e-02
2.250081673264503479e-02
2.555735036730766296e-02
2.554539963603019714e-02
2.032813429832458496e-02
3.173793107271194458e-02
2.847992628812789917e-02
2.555759996175765991e-02
2.777115628123283386e-02
2.816361561417579651e-02
2.803643792867660522e-02
2.275882847607135773e-02
2.751436643302440643e-02
2.556715905666351318e-02
2.692162431776523590e-02
2.082473970949649811e-02
2.460481040179729462e-02
2.762009575963020325e-02
2.657445147633552551e-02
1.899353414773941040e-02
2.330543100833892822e-02
2.191806584596633911e-02
2.132189646363258362e-02
2.439087256789207458e-02
2.042692340910434723e-02
1.781004853546619415e-02
1.743861287832260132e-02
2.010925114154815674e-02
1.988246105611324310e-02
1.746373251080513000e-02
2.154479920864105225e-02
2.100082114338874817e-02
1.565996930003166199e-02
1.893508434295654297e-02
2.074986323714256287e-02
2.006164938211441040e-02
1.527137868106365204e-02
1.932719908654689789e-02
1.392860524356365204e-02
1.466260477900505066e-02
1.870968937873840332e-02
1.652356795966625214e-02
1.853946410119533539e-02
1.460132561624050140e-02
1.337281055748462677e-02
1.719100400805473328e-02
1.755667105317115784e-02
1.361064426600933075e-02
1.311266794800758362e-02
1.430077105760574341e-02
1.678587123751640320e-02
1.408868562430143356e-02
1.613060757517814636e-02
1.579197868704795837e-02
1.130023598670959473e-02
1.560630928725004196e-02
1.174584217369556427e-02
1.345734298229217529e-02
1.113381609320640564e-02
1.241937931627035141e-02
1.030294038355350494e-02
1.056310161948204041e-02
1.331711933016777039e-02
1.021359581500291824e-02
1.006863825023174286e-02
9.644773788750171661e-03
1.291332114487886429e-02
1.117284223437309265e-02
1.109656970947980881e-02
1.224130578339099884e-02
1.210445538163185120e-02
8.531372994184494019e-03
1.396219339221715927e-02
1.158113498240709305e-02
1.038012281060218811e-02
9.852234274148941040e-03
8.095119148492813110e-03
1.067672763019800186e-02
1.134357601404190063e-02
1.031997799873352051e-02
9.705321863293647766e-03
9.573219344019889832e-03
8.051539771258831024e-03
9.892855770885944366e-03
9.475845843553543091e-03
7.809921167790889740e-03
1.063324324786663055e-02
8.519340306520462036e-03
6.401088088750839233e-03
7.865479215979576111e-03
6.998881697654724121e-03
9.430591948330402374e-03
7.477141451090574265e-03
8.945652283728122711e-03
8.401842787861824036e-03
9.699461050331592560e-03
8.737288415431976318e-03
9.181137196719646454e-03
9.056625887751579285e-03
8.144168183207511902e-03
6.148526445031166077e-03
6.837500259280204773e-03
7.686914876103401184e-03
7.160296197980642319e-03
8.246637880802154541e-03
6.785466335713863373e-03
5.423528607934713364e-03
6.723581813275814056e-03
7.623868063092231750e-03
7.275898475199937820e-03
6.849484518170356750e-03
6.299920380115509033e-03
6.948619149625301361e-03
5.723483394831418991e-03
7.635115180164575577e-03
5.548489745706319809e-03
7.056218106299638748e-03
7.206370122730731964e-03
5.172905977815389633e-03
5.349317565560340881e-03
7.440267596393823624e-03
6.393050774931907654e-03
4.958380013704299927e-03
4.929829854518175125e-03
6.058004684746265411e-03
6.532780360430479050e-03
4.839743487536907196e-03
6.644136738032102585e-03
4.580300766974687576e-03
6.099982187151908875e-03
4.759549628943204880e-03
3.988405223935842514e-03
5.270177498459815979e-03
5.928588565438985825e-03
5.153318401426076889e-03
5.654448643326759338e-03
4.264438059180974960e-03
5.162583198398351669e-03
4.135131835937500000e-03
5.316669121384620667e-03
5.223765969276428223e-03
5.480780266225337982e-03
5.144198890775442123e-03
4.471262916922569275e-03
4.878944717347621918e-03
5.182476714253425598e-03
4.174245987087488174e-03
4.860498011112213135e-03
4.936530720442533493e-03
3.385000396519899368e-03
4.477582871913909912e-03
3.561465069651603699e-03
3.497946308925747871e-03
3.652632469311356544e-03
3.220358863472938538e-03
3.292161971330642700e-03
4.465349484235048294e-03
3.484798129647970200e-03
4.738938994705677032e-03
4.333785269409418106e-03
3.485407680273056030e-03
4.453936591744422913e-03
3.391528502106666565e-03
4.226901568472385406e-03
4.341658204793930054e-03
2.719207666814327240e-03
2.410273533314466476e-03
3.333438420668244362e-03
3.929563332349061966e-03
3.980152308940887451e-03
3.413549624383449554e-03
3.400441724807024002e-03
3.648308571428060532e-03
3.293675603345036507e-03
3.637425834313035011e-03
3.004227764904499054e-03
3.599347081035375595e-03
3.945152740925550461e-03
3.934392705559730530e-03
3.457613289356231689e-03
3.316161222755908966e-03
3.913300111889839172e-03
3.160814056172966957e-03
3.757146885618567467e-03
3.463075263425707817e-03
4.051166120916604996e-03
3.145365510135889053e-03
2.622313098981976509e-03
2.501696348190307617e-03
2.510000951588153839e-03
3.482689615339040756e-03
3.470186376944184303e-03
1.983666559681296349e-03
2.082415390759706497e-03
2.634031232446432114e-03
3.456177655607461929e-03
2.155476016923785210e-03
3.260283730924129486e-03
3.133428283035755157e-03
2.322587417438626289e-03
2.047896850854158401e-03
2.963668201118707657e-03
2.930785994976758957e-03
2.006623661145567894e-03
2.138401381671428680e-03
2.041119150817394257e-03
3.439090680330991745e-03
2.998948562890291214e-03
1.755308359861373901e-03
3.069559810683131218e-03
2.206361852586269379e-03
1.979467226192355156e-03
2.567798597738146782e-03
2.634392585605382919e-03
2.895501442253589630e-03
2.992324996739625931e-03
2.367953769862651825e-03
2.770973369479179382e-03
2.644238760694861412e-03
2.605971880257129669e-03
2.242243615910410881e-03
2.765456680208444595e-03
1.659383182413876057e-03
1.519219367764890194e-03
2.053270814940333366e-03
2.323077758774161339e-03
2.554624574258923531e-03
1.556273084133863449e-03
1.961279660463333130e-03
1.887904712930321693e-03
1.947848242707550526e-03
2.343671862035989761e-03
2.253795042634010315e-03
1.543862628750503063e-03
1.562623539939522743e-03
2.177117858082056046e-03
1.601303927600383759e-03
1.622983720153570175e-03
1.912596402689814568e-03
2.333005890250205994e-03
2.635662443935871124e-03
1.590963453054428101e-03
2.057417761534452438e-03
2.083289204165339470e-03
1.518040429800748825e-03
1.791617483831942081e-03
1.874915207736194134e-03
1.611620187759399414e-03
2.112969290465116501e-03
1.989965792745351791e-03
2.270786091685295105e-03
1.197338453494012356e-03
1.965462230145931244e-03
1.625870820134878159e-03
1.983291469514369965e-03
1.942753442563116550e-03
1.097959233447909355e-03
1.881580217741429806e-03
1.278317067772150040e-03
1.553189009428024292e-03
2.032364252954721451e-03
1.546028302982449532e-03
1.423834590241312981e-03
1.179636339657008648e-03
1.858306350186467171e-03
1.325416844338178635e-03
1.319747301749885082e-03
1.330548664554953575e-03
1.480616163462400436e-03
1.750401454046368599e-03
1.704176422208547592e-03
1.271712128072977066e-03
1.720810076221823692e-03
1.799032674171030521e-03
1.087367068976163864e-03
1.742825377732515335e-03
1.203371910378336906e-03
1.655842177569866180e-03
1.049434999004006386e-03
1.274254871532320976e-03
1.757264602929353714e-03
1.665210118517279625e-03
1.817444688640534878e-03
1.577218412421643734e-03
1.149659510701894760e-03
1.069649355486035347e-03
1.603722805157303810e-03
8.754215086810290813e-04
1.156940357759594917e-03
1.060922397300601006e-03
1.195703633129596710e-03
1.099724671803414822e-03
1.092283055186271667e-03
1.110660145059227943e-03
1.099182991310954094e-03
9.818901307880878448e-04
1.071791979484260082e-03
1.186477951705455780e-03
1.424319227226078510e-03
9.310094173997640610e-04
1.428415765985846519e-03
1.358237816020846367e-03
1.024327473714947701e-03
1.211799564771354198e-03
1.449212431907653809e-03
1.381829497404396534e-03
1.233673188835382462e-03
1.408697920851409435e-03
