9.171098470687866211e-01
1.029723763465881348e+00
8.771533966064453125e-01
8.212563991546630859e-01
9.138870239257812500e-01
5.472351312637329102e-01
8.728660941123962402e-01
8.575567603111267090e-01
8.295108675956726074e-01
6.736553907394409180e-01
7.469190359115600586e-01
6.852023601531982422e-01
5.736560225486755371e-01
7.060762047767639160e-01
5.235158801078796387e-01
6.985445022583007812e-01
7.048599720001220703e-01
4.518645107746124268e-01
6.464688777923583984e-01
6.871735453605651855e-01
6.788660883903503418e-01
5.868356823921203613e-01
6.547523140907287598e-01
3.754124045372009277e-01
5.614225864410400391e-01
5.688921213150024414e-01
5.731723904609680176e-01
5.034420490264892578e-01
4.864355921745300293e-01
5.087499022483825684e-01
2.465079724788665771e-01
2.519094944000244141e-01
4.088046252727508545e-01
4.205391407012939453e-01
4.071232676506042480e-01
3.846590518951416016e-01
3.814248442649841309e-01
3.855473995208740234e-01
3.473326265811920166e-01
3.337961137294769287e-01
3.339856863021850586e-01
1.529674530029296875e-01
3.077260255813598633e-01
2.892679870128631592e-01
2.852772772312164307e-01
2.836792767047882080e-01
2.838809788227081299e-01
2.786565423011779785e-01
2.706346511840820312e-01
2.608591318130493164e-01
2.618382275104522705e-01
2.547871172428131104e-01
2.425536215305328369e-01
2.427427172660827637e-01
2.393973767757415771e-01
2.305290400981903076e-01
8.307810127735137939e-02
2.138908058404922485e-01
2.148492932319641113e-01
2.083724141120910645e-01
2.043476253747940063e-01
2.020447254180908203e-01
2.008036971092224121e-01
1.936910748481750488e-01
1.808163672685623169e-01
1.938433051109313965e-01
7.437723875045776367e-02
1.872726380825042725e-01
1.654829978942871094e-01
1.727079302072525024e-01
1.597965508699417114e-01
5.900573357939720154e-02
1.717067658901214600e-01
1.648737341165542603e-01
6.100400909781455994e-02
5.705645680427551270e-02
6.023440510034561157e-02
1.597286164760589600e-01
1.596122682094573975e-01
1.567943841218948364e-01
1.551753729581832886e-01
1.506455242633819580e-01
1.513047516345977783e-01
1.483760625123977661e-01
5.075864121317863464e-02
1.446325182914733887e-01
1.429910659790039062e-01
1.413885056972503662e-01
4.874243587255477905e-02
4.669980332255363464e-02
1.253567487001419067e-01
4.939941689372062683e-02
4.531222954392433167e-02
1.219654306769371033e-01
5.173492431640625000e-02
1.235775202512741089e-01
1.260500103235244751e-01
1.200259327888488770e-01
5.109877884387969971e-02
1.177241429686546326e-01
1.161105185747146606e-01
1.157701835036277771e-01
1.106465384364128113e-01
1.123695969581604004e-01
1.031668633222579956e-01
1.157017946243286133e-01
1.104066967964172363e-01
1.111667901277542114e-01
1.051406711339950562e-01
1.075176075100898743e-01
4.580871015787124634e-02
1.077010035514831543e-01
4.538410529494285583e-02
9.461913257837295532e-02
1.018333211541175842e-01
9.824280440807342529e-02
1.011764407157897949e-01
8.893427997827529907e-02
9.921358525753021240e-02
9.746947884559631348e-02
9.015202522277832031e-02
9.178362786769866943e-02
8.744361996650695801e-02
8.975593745708465576e-02
8.461913466453552246e-02
9.188452363014221191e-02
8.508338034152984619e-02
8.589494973421096802e-02
8.251941204071044922e-02
8.598442375659942627e-02
8.826962858438491821e-02
8.568716049194335938e-02
7.821570336818695068e-02
7.728098332881927490e-02
8.136817812919616699e-02
7.951629161834716797e-02
7.645011693239212036e-02
8.053007721900939941e-02
7.272762060165405273e-02
7.658600807189941406e-02
7.444107532501220703e-02
7.708266377449035645e-02
3.848543390631675720e-02
7.750456035137176514e-02
6.993213295936584473e-02
7.224841415882110596e-02
7.127413153648376465e-02
4.095848277211189270e-02
3.804394230246543884e-02
3.824808821082115173e-02
7.292101532220840454e-02
6.538048386573791504e-02
7.199056446552276611e-02
6.698422133922576904e-02
6.742133200168609619e-02
6.835395097732543945e-02
7.015652954578399658e-02
6.515354663133621216e-02
6.739781051874160767e-02
2.965569123625755310e-02
6.585465371608734131e-02
6.339339911937713623e-02
6.358483433723449707e-02
6.277516484260559082e-02
6.080218404531478882e-02
3.167128935456275940e-02
6.056031584739685059e-02
6.042740121483802795e-02
3.297761082649230957e-02
6.269185990095138550e-02
6.038440018892288208e-02
6.074199825525283813e-02
3.309066221117973328e-02
6.292188167572021484e-02
5.800216272473335266e-02
5.605061352252960205e-02
5.146980285644531250e-02
5.822296813130378723e-02
3.323781862854957581e-02
5.749467760324478149e-02
5.954729765653610229e-02
3.373214602470397949e-02
3.449995070695877075e-02
5.926048383116722107e-02
5.493319034576416016e-02
5.724791064858436584e-02
2.968159876763820648e-02
5.238075181841850281e-02
5.643453449010848999e-02
5.054388940334320068e-02
5.189296603202819824e-02
5.397343635559082031e-02
5.210845544934272766e-02
5.208313465118408203e-02
5.400824546813964844e-02
5.154669284820556641e-02
2.857984229922294617e-02
5.396352708339691162e-02
5.250123888254165649e-02
2.848579548299312592e-02
