1.061755895614624023e+00
1.143454313278198242e+00
9.913389682769775391e-01
1.022713422775268555e+00
4.520259797573089600e-01
1.233431935310363770e+00
3.859131336212158203e-01
6.881400346755981445e-01
1.200530052185058594e+00
1.192982673645019531e+00
1.170076370239257812e+00
6.100210547447204590e-01
6.483159065246582031e-01
2.865781486034393311e-01
5.945359468460083008e-01
3.603432476520538330e-01
5.439375638961791992e-01
5.067893862724304199e-01
2.547664344310760498e-01
2.336991727352142334e-01
6.417449116706848145e-01
6.055507659912109375e-01
6.293262839317321777e-01
3.433757722377777100e-01
2.412139326333999634e-01
5.872356295585632324e-01
4.444424211978912354e-01
2.710626423358917236e-01
4.761109650135040283e-01
4.694363772869110107e-01
4.042244851589202881e-01
5.034911036491394043e-01
3.521571755409240723e-01
3.155298233032226562e-01
3.418820500373840332e-01
2.200489640235900879e-01
4.509808421134948730e-01
3.226387500762939453e-01
4.087700247764587402e-01
1.427483558654785156e-01
3.497027456760406494e-01
3.553984463214874268e-01
1.762521415948867798e-01
2.946183383464813232e-01
4.183347225189208984e-01
2.737307846546173096e-01
3.750932812690734863e-01
1.551316976547241211e-01
2.541971802711486816e-01
3.876692056655883789e-01
2.928336262702941895e-01
2.089672833681106567e-01
3.921060860157012939e-01
3.804412782192230225e-01
2.164807617664337158e-01
3.539704084396362305e-01
1.971447467803955078e-01
1.326847374439239502e-01
2.264795899391174316e-01
2.032182812690734863e-01
2.133837491273880005e-01
2.599729597568511963e-01
1.602242290973663330e-01
1.887884438037872314e-01
1.712980419397354126e-01
2.450577318668365479e-01
1.555156260728836060e-01
1.339708864688873291e-01
1.595558673143386841e-01
8.516676723957061768e-02
2.207192480564117432e-01
1.587947905063629150e-01
1.591446250677108765e-01
1.638942360877990723e-01
1.552733778953552246e-01
8.006626367568969727e-02
1.426055580377578735e-01
1.068216413259506226e-01
5.677217617630958557e-02
8.072510361671447754e-02
1.905561983585357666e-01
1.691429615020751953e-01
1.221394985914230347e-01
6.925155222415924072e-02
1.178390234708786011e-01
6.132490932941436768e-02
1.749358177185058594e-01
1.411024928092956543e-01
1.528424173593521118e-01
1.063780635595321655e-01
1.661184430122375488e-01
1.212232857942581177e-01
1.190850436687469482e-01
1.313335895538330078e-01
9.382185339927673340e-02
1.244788542389869690e-01
1.728637814521789551e-01
1.736733317375183105e-01
5.552291870117187500e-02
1.103466749191284180e-01
1.199102923274040222e-01
1.241265311837196350e-01
1.108461469411849976e-01
9.382814168930053711e-02
1.412650048732757568e-01
1.431916952133178711e-01
1.464970856904983521e-01
6.903322041034698486e-02
1.273051500320434570e-01
6.658025830984115601e-02
8.386088162660598755e-02
1.084843277931213379e-01
6.971532106399536133e-02
6.689210981130599976e-02
1.306677460670471191e-01
6.021291017532348633e-02
1.179552972316741943e-01
1.135192513465881348e-01
9.418015182018280029e-02
5.859083682298660278e-02
9.970046579837799072e-02
1.202807426452636719e-01
7.155431061983108521e-02
6.626298278570175171e-02
4.860062897205352783e-02
7.787226885557174683e-02
5.813370272517204285e-02
5.412321910262107849e-02
9.840056300163269043e-02
9.834919869899749756e-02
6.324741244316101074e-02
4.406388476490974426e-02
7.579451799392700195e-02
5.923990532755851746e-02
4.924713075160980225e-02
4.076769202947616577e-02
5.595162510871887207e-02
8.097644150257110596e-02
4.677017778158187866e-02
7.287852466106414795e-02
6.432582437992095947e-02
4.781197383999824524e-02
6.464800238609313965e-02
2.852129191160202026e-02
3.441280126571655273e-02
4.399353638291358948e-02
6.802184879779815674e-02
4.702652618288993835e-02
6.462410837411880493e-02
6.032793223857879639e-02
4.364658147096633911e-02
6.120622530579566956e-02
7.957547158002853394e-02
4.340573772788047791e-02
4.325572401285171509e-02
5.707473307847976685e-02
6.221806257963180542e-02
3.486979752779006958e-02
6.016809493303298950e-02
4.351528733968734741e-02
5.966230854392051697e-02
5.343038588762283325e-02
5.703126266598701477e-02
4.218195378780364990e-02
3.599034994840621948e-02
3.526952490210533142e-02
3.115081228315830231e-02
5.970193445682525635e-02
3.493866324424743652e-02
4.467418044805526733e-02
4.890871793031692505e-02
4.017911851406097412e-02
2.577426470816135406e-02
4.603704065084457397e-02
4.859479144215583801e-02
4.086691513657569885e-02
4.329115897417068481e-02
4.651364311575889587e-02
3.586193174123764038e-02
4.591212421655654907e-02
4.631909728050231934e-02
4.128676652908325195e-02
4.656761139631271362e-02
4.308699071407318115e-02
2.194188907742500305e-02
4.691953212022781372e-02
3.277558833360671997e-02
3.026514872908592224e-02
5.567312985658645630e-02
4.616154730319976807e-02
4.067847877740859985e-02
4.087566956877708435e-02
3.065353259444236755e-02
2.213051542639732361e-02
3.900640085339546204e-02
2.873437106609344482e-02
5.125743523240089417e-02
3.187815845012664795e-02
2.719756402075290680e-02
2.318151667714118958e-02
2.868350408971309662e-02
2.882088348269462585e-02
3.030772134661674500e-02
3.798608481884002686e-02
3.963882103562355042e-02
3.672262281179428101e-02
3.407736122608184814e-02
3.087471425533294678e-02
3.374930098652839661e-02
3.445059806108474731e-02
3.660834208130836487e-02
2.537678554654121399e-02
4.432456195354461670e-02
3.279740363359451294e-02
2.610813640058040619e-02
3.114505112171173096e-02
3.589007258415222168e-02
2.500112727284431458e-02
2.509399503469467163e-02
3.318377211689949036e-02
2.357524633407592773e-02
2.356259338557720184e-02
3.533358126878738403e-02
3.454598411917686462e-02
2.759750187397003174e-02
4.063431918621063232e-02
3.137788176536560059e-02
2.849198691546916962e-02
2.989947050809860229e-02
1.370778866112232208e-02
3.845482319593429565e-02
1.395896915346384048e-02
2.411772869527339935e-02
3.916592895984649658e-02
2.719586342573165894e-02
2.571150660514831543e-02
2.684684284031391144e-02
2.892621979117393494e-02
3.083152882754802704e-02
2.991086244583129883e-02
3.564437851309776306e-02
2.807833068072795868e-02
3.190028667449951172e-02
3.643497824668884277e-02
2.831890247762203217e-02
1.267490349709987640e-02
2.975484915077686310e-02
1.527773961424827576e-02
2.932317182421684265e-02
3.110256977379322052e-02
3.311214596033096313e-02
3.310232236981391907e-02
3.865485638380050659e-02
1.331587787717580795e-02
2.397794090211391449e-02
1.584885269403457642e-02
1.993834972381591797e-02
2.589890547096729279e-02
2.399155497550964355e-02
2.110583148896694183e-02
3.537663444876670837e-02
2.213834226131439209e-02
2.953528054058551788e-02
2.557670325040817261e-02
2.805801108479499817e-02
1.849156618118286133e-02
1.632225513458251953e-02
2.772964537143707275e-02
2.814037352800369263e-02
1.764873042702674866e-02
2.774068713188171387e-02
3.153017163276672363e-02
2.554572746157646179e-02
2.058820053935050964e-02
1.560932490974664688e-02
1.054026372730731964e-02
2.281003445386886597e-02
1.857749372720718384e-02
1.142897456884384155e-02
2.485993877053260803e-02
2.499623969197273254e-02
2.764832042157649994e-02
2.926820144057273865e-02
1.957212761044502258e-02
9.528669528663158417e-03
9.846717119216918945e-03
2.134177461266517639e-02
1.497576385736465454e-02
2.177328616380691528e-02
2.599785663187503815e-02
1.398799940943717957e-02
1.518385577946901321e-02
2.143770828843116760e-02
1.454387698322534561e-02
2.091919630765914917e-02
1.708824746310710907e-02
1.576096005737781525e-02
1.305631548166275024e-02
1.974519900977611542e-02
1.728145778179168701e-02
2.492998540401458740e-02
1.003351062536239624e-02
2.690015360713005066e-02
2.127155289053916931e-02
2.442376501858234406e-02
2.575153484940528870e-02
2.805346995592117310e-02
2.635466307401657104e-02
2.824029512703418732e-02
1.994136348366737366e-02
2.355493605136871338e-02
2.310819178819656372e-02
1.414057891815900803e-02
1.841539703309535980e-02
2.462504804134368896e-02
2.365526556968688965e-02
8.842045441269874573e-03
1.557848230004310608e-02
1.886545307934284210e-02
1.899032481014728546e-02
2.271914109587669373e-02
1.781228743493556976e-02
1.613208465278148651e-02
1.829705759882926941e-02
1.333952322602272034e-02
2.205143496394157410e-02
1.567129604518413544e-02
1.744422875344753265e-02
1.287808641791343689e-02
1.330418325960636139e-02
1.948279514908790588e-02
2.072285674512386322e-02
1.259953528642654419e-02
2.100723423063755035e-02
2.124063670635223389e-02
2.158331498503684998e-02
1.963322050869464874e-02
1.069087907671928406e-02
1.670694164931774139e-02
1.733453013002872467e-02
5.549068562686443329e-03
1.607355102896690369e-02
1.933939754962921143e-02
1.392757333815097809e-02
9.558810852468013763e-03
1.640645787119865417e-02
6.264496129006147385e-03
1.583711616694927216e-02
1.149607263505458832e-02
1.626341789960861206e-02
1.345141138881444931e-02
2.213762328028678894e-02
1.786525733768939972e-02
8.827591314911842346e-03
1.161601208150386810e-02
1.715284958481788635e-02
1.394122187048196793e-02
1.032270584255456924e-02
7.886517792940139771e-03
2.004135772585868835e-02
9.315581992268562317e-03
8.830869570374488831e-03
1.495677046477794647e-02
1.668194308876991272e-02
1.643658243119716644e-02
1.493773609399795532e-02
1.372530031949281693e-02
1.735083386301994324e-02
2.262914925813674927e-02
1.894023641943931580e-02
1.743913814425468445e-02
1.777145825326442719e-02
2.114427462220191956e-02
1.210510637611150742e-02
9.597079828381538391e-03
8.329547010362148285e-03
1.719710603356361389e-02
2.156271599233150482e-02
6.229233928024768829e-03
7.877850905060768127e-03
1.532629225403070450e-02
1.880450919270515442e-02
1.727178506553173065e-02
1.785726100206375122e-02
1.276014372706413269e-02
7.242174353450536728e-03
1.195725984871387482e-02
1.347642485052347183e-02
2.092797867953777313e-02
1.036562677472829819e-02
1.457822695374488831e-02
1.450914796441793442e-02
1.785413362085819244e-02
1.290219649672508240e-02
1.406016387045383453e-02
1.739998906850814819e-02
1.271853595972061157e-02
1.856760308146476746e-02
1.066491194069385529e-02
7.365943863987922668e-03
