1.063491106033325195e+00
9.010795354843139648e-01
8.033747673034667969e-01
8.044836521148681641e-01
5.815380811691284180e-01
5.579299926757812500e-01
5.032140016555786133e-01
4.762983918190002441e-01
3.953547775745391846e-01
1.389855146408081055e-01
3.276751339435577393e-01
3.379757404327392578e-01
3.355650305747985840e-01
2.024876773357391357e-01
1.951773762702941895e-01
3.028504252433776855e-01
2.668409645557403564e-01
2.572596371173858643e-01
2.395695745944976807e-01
9.666758775711059570e-02
2.412128448486328125e-01
2.394511401653289795e-01
2.265195399522781372e-01
9.233617782592773438e-02
2.102598547935485840e-01
6.612817943096160889e-02
7.072903960943222046e-02
1.722048670053482056e-01
6.619453430175781250e-02
6.405968964099884033e-02
1.536364108324050903e-01
1.508235335350036621e-01
6.411705911159515381e-02
1.450379490852355957e-01
1.300795376300811768e-01
1.353989541530609131e-01
1.249929815530776978e-01
1.158774495124816895e-01
4.456620663404464722e-02
4.506602138280868530e-02
1.039457917213439941e-01
1.096381694078445435e-01
1.089668720960617065e-01
9.646660089492797852e-02
8.830606937408447266e-02
8.821826428174972534e-02
3.052104637026786804e-02
8.755556493997573853e-02
3.752331435680389404e-02
7.603503018617630005e-02
8.251236379146575928e-02
6.917111575603485107e-02
7.836739718914031982e-02
6.615056097507476807e-02
6.929810345172882080e-02
6.461190432310104370e-02
2.320251613855361938e-02
6.009363383054733276e-02
2.083105966448783875e-02
2.171977981925010681e-02
4.759550094604492188e-02
4.452046751976013184e-02
1.777385920286178589e-02
4.230968281626701355e-02
3.759561851620674133e-02
3.352008387446403503e-02
3.101175650954246521e-02
3.103549592196941376e-02
2.632870152592658997e-02
2.634478732943534851e-02
1.607517898082733154e-02
2.449663355946540833e-02
2.325950190424919128e-02
1.471096370369195938e-02
2.072632312774658203e-02
2.216502465307712555e-02
1.965686306357383728e-02
1.771332323551177979e-02
1.392449904233217239e-02
1.964580267667770386e-02
1.890660077333450317e-02
1.851123385131359100e-02
1.689525321125984192e-02
1.241601165384054184e-02
1.805176958441734314e-02
1.768938824534416199e-02
1.719743013381958008e-02
1.722592115402221680e-02
1.554973423480987549e-02
1.606520265340805054e-02
1.491723023355007172e-02
1.530286204069852829e-02
1.473214104771614075e-02
1.454935874789953232e-02
1.116298418492078781e-02
1.586677879095077515e-02
1.464644819498062134e-02
1.376085262745618820e-02
1.422786340117454529e-02
1.508677192032337189e-02
1.258898712694644928e-02
1.295573450624942780e-02
1.409958954900503159e-02
1.319896243512630463e-02
1.357871294021606445e-02
1.343815773725509644e-02
1.325782015919685364e-02
1.292307302355766296e-02
1.326579041779041290e-02
1.248682290315628052e-02
1.297946926206350327e-02
1.186005491763353348e-02
9.726351127028465271e-03
1.168629247695207596e-02
1.047727558761835098e-02
1.012077182531356812e-02
1.311179623007774353e-02
1.243010070174932480e-02
1.353067532181739807e-02
1.300423219799995422e-02
9.075143374502658844e-03
1.306793093681335449e-02
1.139924675226211548e-02
1.335498783737421036e-02
1.215703599154949188e-02
8.298558183014392853e-03
9.871751070022583008e-03
1.536611467599868774e-02
8.412254974246025085e-03
9.344452992081642151e-03
1.180666126310825348e-02
1.246153004467487335e-02
1.172655913978815079e-02
1.175351440906524658e-02
1.192401722073554993e-02
9.376730769872665405e-03
1.238769013434648514e-02
1.120879594236612320e-02
1.305608078837394714e-02
1.158059947192668915e-02
1.207521557807922363e-02
1.209212653338909149e-02
8.463358506560325623e-03
1.147731579840183258e-02
1.086896657943725586e-02
1.198217272758483887e-02
1.201831363141536713e-02
8.497850969433784485e-03
1.155686192214488983e-02
9.132410399615764618e-03
1.028684247285127640e-02
8.800617419183254242e-03
1.160628162324428558e-02
1.090356521308422089e-02
9.946729987859725952e-03
1.241310313344001770e-02
1.049576140940189362e-02
1.083861663937568665e-02
8.129995316267013550e-03
7.999029941856861115e-03
1.104473136365413666e-02
9.803419001400470734e-03
8.599529042840003967e-03
7.527254521846771240e-03
1.112230215221643448e-02
1.144452393054962158e-02
1.103160437196493149e-02
9.782036766409873962e-03
7.147309370338916779e-03
1.006435602903366089e-02
1.326871104538440704e-02
1.087711937725543976e-02
1.066482532769441605e-02
8.264045231044292450e-03
1.165791228413581848e-02
1.090858131647109985e-02
1.079129427671432495e-02
1.052471902221441269e-02
9.212342090904712677e-03
9.540583938360214233e-03
7.288125343620777130e-03
6.653702817857265472e-03
1.079387124627828598e-02
9.965992532670497894e-03
9.303011000156402588e-03
1.007147319614887238e-02
9.575197473168373108e-03
6.250658538192510605e-03
1.085532736033201218e-02
8.225690573453903198e-03
9.160771965980529785e-03
8.530804887413978577e-03
9.118009358644485474e-03
9.353192523121833801e-03
9.990010410547256470e-03
9.644577279686927795e-03
8.342936635017395020e-03
8.676221594214439392e-03
7.012152113020420074e-03
8.594063110649585724e-03
