9.203166365623474121e-01
1.185343265533447266e+00
8.679111003875732422e-01
8.822283744812011719e-01
5.762702226638793945e-01
7.823216319084167480e-01
6.275652050971984863e-01
5.135728120803833008e-01
6.664394736289978027e-01
3.195397257804870605e-01
3.912093341350555420e-01
3.207915425300598145e-01
1.794867068529129028e-01
1.107709780335426331e-01
1.155417710542678833e-01
1.615827977657318115e-01
1.765741556882858276e-01
1.077493727207183838e-01
9.459403902292251587e-02
6.657977402210235596e-02
5.927652865648269653e-02
3.977697715163230896e-02
4.835589230060577393e-02
9.673236310482025146e-02
1.015508323907852173e-01
7.309013605117797852e-02
8.359453082084655762e-02
5.787636339664459229e-02
5.236778408288955688e-02
4.361375421285629272e-02
3.739731758832931519e-02
5.040739849209785461e-02
4.476106166839599609e-02
3.551216423511505127e-02
3.018608689308166504e-02
3.130681440234184265e-02
3.560401871800422668e-02
2.683260105550289154e-02
2.695229463279247284e-02
2.853596769273281097e-02
3.533482179045677185e-02
2.943951264023780823e-02
3.142550587654113770e-02
2.419099397957324982e-02
2.512698620557785034e-02
2.355330809950828552e-02
2.239358797669410706e-02
2.288871631026268005e-02
1.913234964013099670e-02
2.400566264986991882e-02
2.133424580097198486e-02
2.061437070369720459e-02
1.540225744247436523e-02
1.841805689036846161e-02
1.926293596625328064e-02
1.939432509243488312e-02
1.890570297837257385e-02
2.040870115160942078e-02
1.530319824814796448e-02
1.520837843418121338e-02
1.729030907154083252e-02
1.832797937095165253e-02
1.746066659688949585e-02
1.453313417732715607e-02
1.725490391254425049e-02
1.485304161906242371e-02
1.462553441524505615e-02
1.547397859394550323e-02
1.545936428010463715e-02
1.377177983522415161e-02
1.343528367578983307e-02
1.328852772712707520e-02
1.321177091449499130e-02
1.413612347096204758e-02
1.270523574203252792e-02
1.101310364902019501e-02
1.270722039043903351e-02
1.048194710165262222e-02
1.224712282419204712e-02
1.136966608464717865e-02
1.115041878074407578e-02
1.393470913171768188e-02
1.208057068288326263e-02
9.967410936951637268e-03
1.071724109351634979e-02
1.114435680210590363e-02
1.286261714994907379e-02
9.461540728807449341e-03
1.077886112034320831e-02
9.811333380639553070e-03
9.428529068827629089e-03
1.061041094362735748e-02
1.154588162899017334e-02
9.687736630439758301e-03
9.507196024060249329e-03
1.087505742907524109e-02
8.048169314861297607e-03
1.081094704568386078e-02
8.286555297672748566e-03
9.585311636328697205e-03
1.049327477812767029e-02
8.772609755396842957e-03
9.888816624879837036e-03
7.079436443746089935e-03
9.760927408933639526e-03
8.593801409006118774e-03
8.471364155411720276e-03
8.603589609265327454e-03
9.148199111223220825e-03
8.505114354193210602e-03
9.723544120788574219e-03
9.137647226452827454e-03
8.735932409763336182e-03
7.741132751107215881e-03
8.630931377410888672e-03
7.689543999731540680e-03
8.605225943028926849e-03
9.046047925949096680e-03
6.856734864413738251e-03
7.095551118254661560e-03
7.059861905872821808e-03
7.936891168355941772e-03
6.909150164574384689e-03
7.749923504889011383e-03
7.928000763058662415e-03
7.028896361589431763e-03
7.686479948461055756e-03
7.250349503010511398e-03
6.719550117850303650e-03
6.343817338347434998e-03
7.603624835610389709e-03
6.828836165368556976e-03
6.573234684765338898e-03
7.752202451229095459e-03
6.784390658140182495e-03
6.340866908431053162e-03
5.490015260875225067e-03
6.525505799800157547e-03
6.946734618395566940e-03
7.917855866253376007e-03
6.655587814748287201e-03
6.519057787954807281e-03
6.471993401646614075e-03
6.274156272411346436e-03
6.830585189163684845e-03
5.738132633268833160e-03
6.118320394307374954e-03
5.738127045333385468e-03
6.205415353178977966e-03
4.980637691915035248e-03
5.522203631699085236e-03
5.221795290708541870e-03
4.794954322278499603e-03
5.816991440951824188e-03
4.976442083716392517e-03
5.255119875073432922e-03
5.929001607000827789e-03
5.769480019807815552e-03
6.074079312384128571e-03
5.500679835677146912e-03
5.599474068731069565e-03
4.748819395899772644e-03
5.326244048774242401e-03
5.850815214216709137e-03
5.053978879004716873e-03
5.670759826898574829e-03
4.226343240588903427e-03
5.463036708533763885e-03
5.355239845812320709e-03
4.955670796334743500e-03
5.363733507692813873e-03
5.958314985036849976e-03
5.199055653065443039e-03
4.153160843998193741e-03
4.229865502566099167e-03
4.982776939868927002e-03
4.808654077351093292e-03
4.168988671153783798e-03
5.018195137381553650e-03
4.335172940045595169e-03
4.107065964490175247e-03
4.036325961351394653e-03
4.698345437645912170e-03
4.683313425630331039e-03
4.524383693933486938e-03
3.961071372032165527e-03
4.594926722347736359e-03
4.402021877467632294e-03
4.583568777889013290e-03
4.154171794652938843e-03
4.187060985714197159e-03
3.848137799650430679e-03
4.686654079705476761e-03
3.383595962077379227e-03
3.883730852976441383e-03
3.865227801725268364e-03
3.716748906299471855e-03
3.763581626117229462e-03
4.236910492181777954e-03
3.253945615142583847e-03
3.226703731343150139e-03
3.025101032108068466e-03
2.920068334788084030e-03
3.108115168288350105e-03
3.621644806116819382e-03
3.614177461713552475e-03
3.345194738358259201e-03
3.412774065509438515e-03
3.289279760792851448e-03
3.476755227893590927e-03
3.146918257698416710e-03
3.343551885336637497e-03
3.328836057335138321e-03
3.378931432962417603e-03
3.751548007130622864e-03
3.045908873900771141e-03
2.883007284253835678e-03
3.099059918895363808e-03
3.432700876146554947e-03
3.178785555064678192e-03
2.528397599235177040e-03
3.116436302661895752e-03
3.486453322693705559e-03
2.988948952406644821e-03
2.461640629917383194e-03
2.942242426797747612e-03
2.603676170110702515e-03
3.133432008326053619e-03
3.642656374722719193e-03
2.616425510495901108e-03
2.753057284280657768e-03
2.747961087152361870e-03
2.929918467998504639e-03
2.218527020886540413e-03
2.617655787616968155e-03
1.993523677811026573e-03
3.082069102674722672e-03
2.321752253919839859e-03
2.425625454634428024e-03
2.600132487714290619e-03
2.646146807819604874e-03
2.178562805056571960e-03
2.815376734361052513e-03
1.932966173626482487e-03
2.264755079522728920e-03
2.170331310480833054e-03
2.857740968465805054e-03
2.459371928125619888e-03
3.015841357409954071e-03
2.612165873870253563e-03
2.289276570081710815e-03
2.535740612074732780e-03
2.302948385477066040e-03
2.372556366026401520e-03
2.464265562593936920e-03
1.969638979062438011e-03
2.404445549473166466e-03
2.201489638537168503e-03
2.268489450216293335e-03
2.796530723571777344e-03
2.347652334719896317e-03
1.805901993066072464e-03
2.658098936080932617e-03
2.176629845052957535e-03
2.798838075250387192e-03
2.007907489314675331e-03
2.099899575114250183e-03
2.026728820055723190e-03
1.745142042636871338e-03
1.615922199562191963e-03
2.182297408580780029e-03
1.953023253008723259e-03
2.105872612446546555e-03
1.951663522049784660e-03
2.500889357179403305e-03
1.858478994108736515e-03
2.347562462091445923e-03
1.887276419438421726e-03
2.833045087754726410e-03
2.294118283316493034e-03
2.560574561357498169e-03
1.465665292926132679e-03
1.972601516172289848e-03
2.246825490146875381e-03
2.203259617090225220e-03
1.800043275579810143e-03
1.978535670787096024e-03
2.111810725182294846e-03
1.310929306782782078e-03
1.800791709683835506e-03
2.345682587474584579e-03
2.210502512753009796e-03
2.388463355600833893e-03
2.811601851135492325e-03
1.993694342672824860e-03
2.120355609804391861e-03
2.145827980712056160e-03
1.916617853567004204e-03
1.856095273979008198e-03
2.072558272629976273e-03
1.822558348067104816e-03
1.834403839893639088e-03
2.104321029037237167e-03
1.722458866424858570e-03
9.149959078058600426e-04
1.702126464806497097e-03
1.614503446035087109e-03
2.146185608580708504e-03
1.695702667348086834e-03
1.668233191594481468e-03
1.385831390507519245e-03
2.014933153986930847e-03
1.926248311065137386e-03
2.125717466697096825e-03
1.669368706643581390e-03
2.116717863827943802e-03
1.772348070517182350e-03
1.794050796888768673e-03
1.713747158646583557e-03
2.069795969873666763e-03
1.715036341920495033e-03
1.665274729020893574e-03
1.905475743114948273e-03
1.707643968984484673e-03
1.408019103109836578e-03
1.938521163538098335e-03
1.787821413017809391e-03
2.238191664218902588e-03
1.819159602746367455e-03
1.827637781389057636e-03
1.761248800903558731e-03
2.217749366536736488e-03
1.649657962843775749e-03
2.536071697250008583e-03
2.176368841901421547e-03
2.032046439126133919e-03
2.176547190174460411e-03
1.791071612387895584e-03
1.789519796147942543e-03
1.524009159766137600e-03
2.141190227121114731e-03
1.866641687229275703e-03
1.950339879840612411e-03
1.782690873369574547e-03
1.753222430124878883e-03
1.054669031873345375e-03
1.768824062310159206e-03
1.792799099348485470e-03
1.556159462779760361e-03
1.969126053154468536e-03
1.342735718935728073e-03
1.537863165140151978e-03
1.568676787428557873e-03
1.699233427643775940e-03
1.819244236685335636e-03
1.594990957528352737e-03
1.503994455561041832e-03
1.300854492001235485e-03
1.806685235351324081e-03
1.624149852432310581e-03
1.432428369298577309e-03
1.375405350700020790e-03
1.457214355468750000e-03
1.080000656656920910e-03
1.477265497669577599e-03
1.189913600683212280e-03
1.367237186059355736e-03
1.639455906115472317e-03
1.405050046741962433e-03
1.672689337283372879e-03
1.085511874407529831e-03
1.047009602189064026e-03
1.221626298502087593e-03
1.488815294578671455e-03
1.619761460460722446e-03
1.026994083076715469e-03
1.810806337743997574e-03
1.554333372041583061e-03
1.835074275732040405e-03
1.296644099056720734e-03
1.475720200687646866e-03
1.520706922747194767e-03
1.672799466177821159e-03
1.289063948206603527e-03
1.331788371317088604e-03
1.555282622575759888e-03
1.257384778000414371e-03
1.463696127757430077e-03
1.305358484387397766e-03
1.455296180211007595e-03
8.216774440370500088e-04
1.807376393117010593e-03
2.058793324977159500e-03
1.054735621437430382e-03
1.702486071735620499e-03
1.651654019951820374e-03
9.505759808234870434e-04
1.410971628502011299e-03
2.268746728077530861e-03
1.654467079788446426e-03
