1.063859343528747559e+00
7.141026258468627930e-01
6.433665752410888672e-01
4.671781063079833984e-01
4.656727313995361328e-01
3.610865473747253418e-01
3.257222473621368408e-01
3.330117464065551758e-01
3.195672035217285156e-01
2.380452603101730347e-01
2.728551626205444336e-01
1.572221666574478149e-01
1.500178873538970947e-01
1.458510160446166992e-01
1.425485908985137939e-01
9.713404625654220581e-02
1.126484647393226624e-01
1.098487153649330139e-01
1.486563086509704590e-01
1.076797395944595337e-01
6.834154576063156128e-02
7.396343350410461426e-02
7.972382754087448120e-02
6.432063877582550049e-02
6.197941675782203674e-02
6.323681026697158813e-02
6.346516311168670654e-02
4.753525555133819580e-02
5.437798798084259033e-02
5.083823204040527344e-02
3.610146418213844299e-02
3.439995646476745605e-02
4.408432543277740479e-02
3.656885027885437012e-02
3.729146718978881836e-02
4.008552804589271545e-02
3.088502213358879089e-02
2.780007012188434601e-02
2.583812177181243896e-02
3.129726648330688477e-02
3.516405820846557617e-02
2.008444815874099731e-02
1.976791396737098694e-02
2.507130056619644165e-02
2.615948021411895752e-02
2.638729847967624664e-02
2.093409746885299683e-02
2.232972905039787292e-02
2.612583152949810028e-02
1.887351647019386292e-02
1.774420961737632751e-02
2.457211539149284363e-02
1.857063919305801392e-02
2.248633280396461487e-02
2.112687751650810242e-02
1.675778254866600037e-02
1.749718561768531799e-02
1.954437792301177979e-02
1.783004775643348694e-02
1.414102222770452499e-02
1.283015031367540359e-02
2.400024980306625366e-02
1.641994342207908630e-02
1.543372869491577148e-02
1.544464007019996643e-02
1.284965127706527710e-02
1.235048100352287292e-02
1.360718253999948502e-02
1.758446730673313141e-02
1.218404620885848999e-02
1.337642781436443329e-02
1.237787120044231415e-02
1.264982577413320541e-02
1.021679770201444626e-02
1.135781407356262207e-02
1.527781505137681961e-02
1.190759986639022827e-02
1.004513818770647049e-02
9.501310996711254120e-03
1.129466854035854340e-02
1.230127830058336258e-02
9.534323588013648987e-03
8.549261838197708130e-03
8.216160349547863007e-03
7.381784729659557343e-03
9.410863742232322693e-03
6.727553904056549072e-03
9.130023419857025146e-03
8.256927132606506348e-03
8.029138669371604919e-03
9.117140434682369232e-03
6.953677162528038025e-03
5.808776710182428360e-03
6.814516615122556686e-03
7.558582350611686707e-03
6.156572140753269196e-03
5.807636305689811707e-03
6.148331332951784134e-03
5.866207648068666458e-03
7.028929889202117920e-03
6.846275180578231812e-03
4.919096361845731735e-03
5.117042921483516693e-03
6.221072748303413391e-03
6.885929964482784271e-03
4.518991336226463318e-03
6.067663896828889847e-03
5.067696794867515564e-03
3.778303740546107292e-03
4.639147780835628510e-03
5.114409141242504120e-03
4.506716504693031311e-03
4.271253943443298340e-03
3.758580889552831650e-03
3.663396695628762245e-03
3.158563282340764999e-03
3.716564271599054337e-03
4.347379785031080246e-03
3.871012013405561447e-03
4.241016693413257599e-03
3.941694274544715881e-03
3.539560595527291298e-03
2.862567082047462463e-03
3.811510279774665833e-03
3.665753174573183060e-03
3.120614914223551750e-03
3.830286208540201187e-03
2.981132129207253456e-03
2.725997939705848694e-03
2.615432022139430046e-03
3.268068190664052963e-03
3.213671036064624786e-03
2.716978779062628746e-03
3.264272818341851234e-03
2.181351650506258011e-03
2.828282304108142853e-03
3.492529038339853287e-03
2.669297391548752785e-03
3.243942279368638992e-03
2.576955128461122513e-03
2.714586211368441582e-03
2.896200167015194893e-03
2.373258117586374283e-03
2.486084122210741043e-03
2.423986792564392090e-03
2.808939665555953979e-03
2.305574249476194382e-03
2.152645960450172424e-03
2.365091815590858459e-03
2.028999384492635727e-03
2.367048989981412888e-03
2.078876364976167679e-03
1.727064838632941246e-03
1.722228946164250374e-03
2.195271197706460953e-03
2.138836774975061417e-03
1.358082983642816544e-03
2.223172225058078766e-03
1.953293569386005402e-03
2.153687644749879837e-03
1.337587716989219189e-03
1.684697577729821205e-03
1.871470478363335133e-03
1.533657079562544823e-03
1.854100730270147324e-03
2.007200848311185837e-03
1.859553041867911816e-03
2.169732470065355301e-03
1.952107530087232590e-03
1.909862039610743523e-03
1.621314790099859238e-03
1.591460313647985458e-03
1.480388455092906952e-03
2.058275975286960602e-03
1.382345217280089855e-03
1.282611512579023838e-03
1.631760038435459137e-03
1.571009168401360512e-03
1.469492679461836815e-03
1.528925029560923576e-03
1.641382928937673569e-03
1.292053493671119213e-03
1.258762553334236145e-03
1.160999294370412827e-03
1.388517674058675766e-03
1.381049747578799725e-03
1.419853768311440945e-03
1.490433001890778542e-03
1.162031199783086777e-03
1.366172102279961109e-03
1.236426178365945816e-03
1.318709691986441612e-03
1.425888389348983765e-03
1.246028114110231400e-03
1.419013598933815956e-03
1.384135568514466286e-03
1.119664637371897697e-03
9.965546196326613426e-04
1.123269554227590561e-03
1.199157442897558212e-03
1.159218838438391685e-03
1.188680529594421387e-03
1.523166894912719727e-03
9.629773558117449284e-04
1.220255857333540916e-03
1.327325357124209404e-03
9.222768712788820267e-04
9.069363586604595184e-04
1.272153458558022976e-03
1.195461605675518513e-03
1.035383436828851700e-03
1.018428942188620567e-03
1.030819257721304893e-03
1.243633101694285870e-03
9.108975064009428024e-04
8.442071848548948765e-04
1.146574853919446468e-03
1.096876803785562515e-03
9.991745464503765106e-04
8.657036232762038708e-04
8.361545042134821415e-04
8.485355065204203129e-04
1.117645995691418648e-03
1.098059583455324173e-03
1.036133617162704468e-03
9.623644291423261166e-04
8.700311300344765186e-04
9.007073822431266308e-04
1.238249242305755615e-03
9.159546461887657642e-04
7.896086899563670158e-04
9.976151632145047188e-04
8.619658765383064747e-04
9.585942025296390057e-04
8.334768936038017273e-04
1.006488339044153690e-03
9.715682826936244965e-04
1.115706283599138260e-03
9.609505650587379932e-04
1.082579256035387516e-03
1.197588630020618439e-03
9.621168137528002262e-04
1.018820912577211857e-03
9.157797321677207947e-04
1.015641959384083748e-03
8.342670043930411339e-04
1.041287905536592007e-03
1.035727327689528465e-03
7.207950693555176258e-04
9.413930820301175117e-04
8.018288062885403633e-04
1.116074505262076855e-03
7.500241044908761978e-04
7.754823309369385242e-04
7.204057183116674423e-04
7.644790457561612129e-04
6.370125338435173035e-04
9.369467152282595634e-04
8.197480347007513046e-04
8.911751210689544678e-04
1.115398248657584190e-03
1.091873040422797203e-03
7.947519188746809959e-04
8.498328970745205879e-04
7.531667361035943031e-04
7.610014872625470161e-04
9.690243168734014034e-04
8.523929864168167114e-04
7.729893550276756287e-04
1.022186479531228542e-03
7.115256739780306816e-04
7.699741399846971035e-04
7.620021933689713478e-04
9.202194632962346077e-04
8.483271813020110130e-04
7.538618519902229309e-04
7.274128147400915623e-04
7.269873749464750290e-04
6.223551463335752487e-04
5.863480619154870510e-04
9.679568465799093246e-04
7.643543649464845657e-04
7.098107598721981049e-04
9.371406631544232368e-04
7.386371726170182228e-04
8.172084926627576351e-04
7.630976615473628044e-04
7.974780164659023285e-04
9.466013871133327484e-04
8.554288069717586040e-04
8.194133988581597805e-04
7.914104498922824860e-04
6.672806339338421822e-04
7.196106016635894775e-04
7.223539869301021099e-04
6.629692506976425648e-04
6.942900945432484150e-04
6.763772107660770416e-04
7.557870121672749519e-04
7.337939459830522537e-04
9.502711473032832146e-04
7.481381762772798538e-04
7.298552663996815681e-04
6.655681645497679710e-04
6.863188464194536209e-04
6.564118666574358940e-04
6.557930610142648220e-04
5.604464095085859299e-04
5.010737804695963860e-04
6.099945167079567909e-04
6.319649983197450638e-04
5.386640550568699837e-04
5.288792308419942856e-04
5.942026618868112564e-04
5.855236086063086987e-04
5.197009886614978313e-04
5.548143526539206505e-04
5.270577967166900635e-04
6.438788259401917458e-04
5.322030046954751015e-04
6.416267715394496918e-04
6.989011890254914761e-04
5.572307272814214230e-04
6.089347880333662033e-04
6.115535506978631020e-04
6.418291013687849045e-04
4.574641061481088400e-04
6.636737380176782608e-04
5.538939731195569038e-04
5.050153704360127449e-04
5.410676822066307068e-04
5.603312747552990913e-04
5.714484723284840584e-04
6.190004060044884682e-04
5.722054047510027885e-04
7.180731045082211494e-04
5.207993090152740479e-04
7.047131657600402832e-04
5.540137062780559063e-04
6.142985657788813114e-04
5.162192974239587784e-04
6.275572814047336578e-04
6.668231799267232418e-04
4.522929957602173090e-04
5.596044939011335373e-04
4.982349346391856670e-04
5.654607666656374931e-04
5.096726235933601856e-04
5.994287785142660141e-04
4.183540004305541515e-04
4.771114327013492584e-04
5.651489482261240482e-04
5.382529925554990768e-04
4.685344465542584658e-04
5.243481136858463287e-04
4.338515573181211948e-04
5.262485938146710396e-04
5.078855319879949093e-04
5.083620199002325535e-04
5.228306399658322334e-04
4.611805197782814503e-04
5.144475726410746574e-04
4.562457324936985970e-04
4.193677741568535566e-04
4.971162416040897369e-04
5.886893486604094505e-04
4.794393607880920172e-04
4.254592640791088343e-04
4.689148045144975185e-04
3.551096888259053230e-04
5.121257854625582695e-04
4.598077503032982349e-04
5.103549920022487640e-04
4.575542407110333443e-04
4.278975538909435272e-04
5.251411348581314087e-04
4.807077057193964720e-04
3.212033188901841640e-04
5.326846730895340443e-04
5.337793845683336258e-04
4.477932234294712543e-04
6.182831712067127228e-04
4.087759880349040031e-04
7.511585718020796776e-04
6.672133458778262138e-04
5.763249355368316174e-04
5.790934083051979542e-04
3.536394797265529633e-04
6.353762000799179077e-04
4.925118992105126381e-04
6.479857838712632656e-04
5.438199150376021862e-04
4.322051827330142260e-04
5.783883389085531235e-04
4.582761903293430805e-04
4.793356638401746750e-04
4.079627105966210365e-04
3.409374912735074759e-04
5.233187112025916576e-04
5.796155310235917568e-04
