Date;Interest_rate;CPI;G&P5DP;S00;Treasury_Bond_1year;Treasury_Bond_10year;Unemployment;Debt
1954-07-01;0.8;26.86;390.996;30.13;0.84;2.3;5.8;274.4
1954-08-01;1.22;26.85;390.996;30.73;0.88;2.36;6.0;277.7
1954-09-01;1.07;26.81;390.996;31.45;1.03;2.38;6.1;277.0
1954-10-01;0.85;26.72;399.734;32.18;1.17;2.43;5.7;280.5
1954-11-01;0.83;26.78;399.734;33.44;1.14;2.48;5.3;279.9
1954-12-01;1.28;26.77;399.734;34.97;1.21;2.51;5.0;279.5
1955-01-01;1.39;26.77;413.073;35.6;1.39;2.61;4.9;277.6
1955-02-01;1.29;26.82;413.073;36.79;1.57;2.65;4.7;276.0
1955-03-01;1.35;26.79;413.073;36.5;1.59;2.68;4.6;272.0
1955-04-01;1.43;26.79;421.532;37.76;1.75;2.75;4.7;274.0
1955-05-01;1.43;26.77;421.532;37.6;1.9;2.76;4.3;275.4
1955-06-01;1.64;26.71;421.532;39.78;1.91;2.78;4.2;271.1
1955-07-01;1.68;26.76;430.221;42.69;2.02;2.9;4.0;272.5
1955-08-01;1.96;26.72;430.221;42.43;2.37;2.97;4.2;273.2
1955-09-01;2.18;26.85;430.221;44.34;2.36;2.97;4.1;273.5
1955-10-01;2.24;26.82;437.092;42.11;2.39;2.88;4.3;276.7
1955-11-01;2.35;26.88;437.092;44.95;2.48;2.89;4.2;275.8
1955-12-01;2.48;26.87;437.092;45.37;2.73;2.96;4.2;276.1
1956-01-01;2.45;26.83;439.746;44.15;2.58;2.9;4.0;276.8
1956-02-01;2.5;26.86;439.746;44.43;2.49;2.84;3.9;276.6
1956-03-01;2.5;26.89;439.746;47.49;2.61;2.96;4.2;270.4
1956-04-01;2.62;26.93;446.01;48.05;2.92;3.18;4.0;268.8
1956-05-01;2.75;27.03;446.01;46.54;2.94;3.07;4.3;272.0
1956-06-01;2.71;27.15;446.01;46.27;2.74;3.0;4.3;268.1
1956-07-01;2.75;27.29;451.191;48.78;2.76;3.11;4.4;265.5
1956-08-01;2.73;27.31;451.191;48.49;3.1;3.33;4.1;266.6
1956-09-01;2.95;27.35;451.191;46.84;3.35;3.38;3.9;265.8
1956-10-01;2.96;27.51;460.463;46.24;3.28;3.34;3.9;266.4
1956-11-01;2.88;27.51;460.463;45.76;3.44;3.49;4.3;267.1
1956-12-01;2.94;27.63;460.463;46.44;3.68;3.59;4.2;265.7
1957-01-01;2.84;27.67;469.779;45.43;3.37;3.46;4.2;268.6
1957-02-01;3.0;27.8;469.779;43.47;3.38;3.34;3.9;267.9
1957-03-01;2.96;27.86;469.779;44.03;3.42;3.41;3.7;267.0
1957-04-01;3.0;27.93;472.025;45.05;3.49;3.48;3.9;264.6
1957-05-01;3.0;28.0;472.025;46.78;3.48;3.6;4.1;264.7
1957-06-01;3.0;28.11;472.025;47.55;3.65;3.8;4.3;258.0
1957-07-01;2.99;28.19;479.49;48.51;3.81;3.93;4.2;260.3
1957-08-01;3.24;28.28;479.49;45.84;4.01;3.93;4.1;262.1
1957-09-01;3.47;28.32;479.49;43.98;4.07;3.92;4.4;262.3
1957-10-01;3.5;28.32;474.864;41.24;4.01;3.97;4.5;262.4
1957-11-01;3.28;28.41;474.864;40.35;3.57;3.72;5.1;268.9
1957-12-01;2.98;28.47;474.864;40.33;3.18;3.21;5.2;271.6
1958-01-01;2.72;28.64;467.54;41.12;2.65;3.09;5.8;271.9
1958-02-01;1.67;28.7;467.54;41.26;1.99;3.05;6.4;273.8
1958-03-01;1.2;28.87;467.54;42.11;1.84;2.98;6.7;272.5
1958-04-01;1.26;28.94;471.978;42.34;1.45;2.88;7.4;275.8
1958-05-01;0.63;28.94;471.978;43.7;1.37;2.92;7.4;276.9
1958-06-01;0.93;28.91;471.978;44.75;1.23;2.97;7.3;275.2
1958-07-01;0.68;28.89;485.841;45.98;1.61;3.2;7.5;272.3
1958-08-01;1.53;28.94;485.841;47.7;2.5;3.54;7.4;268.5
1958-09-01;1.76;28.91;485.841;48.96;3.05;3.76;7.1;265.9
1958-10-01;1.8;28.91;499.555;50.95;3.19;3.8;6.7;269.5
1958-11-01;2.27;28.95;499.555;52.5;3.1;3.74;6.2;273.6
1958-12-01;2.42;28.97;499.555;53.49;3.29;3.86;6.2;271.5
1959-01-01;2.48;29.01;510.33;55.62;3.36;4.02;6.0;273.7
1959-02-01;2.43;29.0;510.33;54.77;3.54;3.96;5.9;274.3
1959-03-01;2.8;28.97;510.33;56.16;3.61;3.99;5.6;270.0
1959-04-01;2.96;28.98;522.653;57.1;3.72;4.12;5.2;271.9
1959-05-01;2.9;29.04;522.653;57.96;3.96;4.31;5.1;272.3
1959-06-01;3.39;29.11;522.653;57.46;4.07;4.34;5.0;269.9
1959-07-01;3.47;29.15;525.034;59.74;4.39;4.4;5.1;274.0
1959-08-01;3.5;29.18;525.034;59.4;4.42;4.43;5.2;273.8
1959-09-01;3.76;29.25;525.034;57.05;5.0;4.68;5.5;271.7
1959-10-01;3.98;29.35;528.6;57.0;4.8;4.53;5.7;276.7
1959-11-01;4.0;29.35;528.6;57.23;4.81;4.53;5.8;274.9
1959-12-01;3.99;29.41;528.6;59.06;5.14;4.69;5.3;273.5
1960-01-01;3.99;29.37;542.648;58.03;5.03;4.72;5.2;275.6
1960-02-01;3.97;29.41;542.648;55.78;4.66;4.49;4.8;276.1
1960-03-01;3.84;29.41;542.648;55.02;4.02;4.25;5.4;276.7
1960-04-01;3.92;29.54;541.08;55.73;4.04;4.28;5.2;277.0
1960-05-01;3.85;29.57;541.08;55.22;4.21;4.35;5.1;278.4
1960-06-01;3.32;29.61;541.08;57.26;3.36;4.15;5.4;278.1
1960-07-01;3.23;29.55;545.604;55.84;3.2;3.9;5.5;283.6
1960-08-01;2.98;29.61;545.604;56.51;2.95;3.8;5.6;283.4
1960-09-01;2.6;29.61;545.604;54.81;3.07;3.8;5.5;283.1
1960-10-01;2.47;29.75;540.197;53.73;3.04;3.89;6.1;284.7
1960-11-01;2.44;29.78;540.197;55.47;3.08;3.93;6.1;283.0
1960-12-01;1.98;29.81;540.197;56.8;2.86;3.84;6.6;285.9
1961-01-01;1.45;29.84;545.018;59.72;2.81;3.84;6.6;284.2
1961-02-01;2.54;29.84;545.018;62.17;2.93;3.78;6.9;285.7
1961-03-01;2.02;29.84;545.018;64.12;2.88;3.74;6.9;282.6
1961-04-01;1.49;29.81;555.545;65.83;2.88;3.78;7.0;283.7
1961-05-01;1.98;29.84;555.545;66.5;2.87;3.71;7.1;285.2
1961-06-01;1.73;29.84;555.545;65.62;3.06;3.88;6.9;282.8
1961-07-01;1.17;29.92;567.664;65.44;2.92;3.92;7.0;286.1
1961-08-01;2.0;29.94;567.664;67.79;3.06;4.04;6.6;286.8
1961-09-01;1.88;29.98;567.664;67.26;3.06;3.98;6.7;287.6
1961-10-01;2.26;29.98;580.612;68.0;3.05;3.92;6.5;289.8
1961-11-01;2.61;29.98;580.612;71.08;3.07;3.94;6.1;290.5
1961-12-01;2.33;30.01;580.612;71.74;3.18;4.06;6.0;289.1
1962-01-01;2.15;30.04;594.013;69.07;3.28;4.08;5.8;289.1
1962-02-01;2.37;30.11;594.013;70.22;3.28;4.04;5.5;290.9
1962-03-01;2.85;30.17;594.013;70.29;3.06;3.93;5.6;291.5
1962-04-01;2.78;30.21;600.366;68.05;2.99;3.84;5.6;293.0
1962-05-01;2.36;30.24;600.366;62.99;3.03;3.87;5.5;295.0
1962-06-01;2.68;30.21;600.366;55.63;3.03;3.91;5.5;292.6
1962-07-01;2.71;30.22;609.027;56.97;3.29;4.01;5.4;291.8
1962-08-01;2.93;30.28;609.027;58.52;3.2;3.98;5.7;297.3
1962-09-01;2.9;30.42;609.027;58.0;3.06;3.98;5.6;295.4
1962-10-01;2.9;30.38;612.28;56.17;2.98;3.93;5.4;298.5
1962-11-01;2.94;30.38;612.28;60.04;3.0;3.92;5.7;301.8
1962-12-01;2.93;30.38;612.28;62.64;3.01;3.86;5.5;300.0
1963-01-01;2.92;30.44;621.672;65.06;3.04;3.83;5.7;299.7
1963-02-01;3.0;30.48;621.672;65.92;3.01;3.92;5.9;300.7
1963-03-01;2.98;30.51;621.672;65.67;3.03;3.93;5.7;298.9
1963-04-01;2.9;30.48;629.752;68.76;3.11;3.97;5.7;298.8
1963-05-01;3.0;30.51;629.752;70.14;3.12;3.93;5.9;300.5
1963-06-01;2.99;30.61;629.752;70.11;3.2;3.99;5.6;301.0
1963-07-01;3.02;30.69;644.444;69.07;3.48;4.02;5.6;299.4
1963-08-01;3.49;30.75;644.444;70.98;3.53;4.0;5.4;300.8
1963-09-01;3.48;30.72;644.444;72.85;3.57;4.08;5.5;300.7
1963-10-01;3.5;30.75;653.938;73.03;3.64;4.11;5.5;299.7
1963-11-01;3.48;30.78;653.938;72.62;3.74;4.12;5.7;301.6
1963-12-01;3.38;30.88;653.938;74.17;3.81;4.13;5.5;302.2
1964-01-01;3.48;30.94;669.822;76.45;3.79;4.17;5.6;301.7
1964-02-01;3.48;30.91;669.822;77.39;3.78;4.15;5.4;303.0
1964-03-01;3.43;30.94;669.822;78.8;3.91;4.22;5.4;301.7
1964-04-01;3.47;30.95;678.674;79.94;3.91;4.23;5.3;300.2
1964-05-01;3.5;30.98;678.674;80.72;3.84;4.2;5.1;304.8
1964-06-01;3.5;31.01;678.674;80.24;3.83;4.17;5.2;305.4
1964-07-01;3.42;31.02;692.031;83.22;3.72;4.19;4.9;304.9
1964-08-01;3.5;31.05;692.031;82.0;3.74;4.19;5.0;307.4
1964-09-01;3.45;31.08;692.031;83.41;3.84;4.2;5.1;308.9
1964-10-01;3.36;31.12;697.319;84.85;3.86;4.19;5.1;309.0
1964-11-01;3.52;31.21;697.319;85.44;3.91;4.15;4.8;311.3
1964-12-01;3.85;31.25;697.319;83.96;4.02;4.18;5.0;311.1
1965-01-01;3.9;31.28;717.79;86.12;3.94;4.19;4.9;311.5
1965-02-01;3.98;31.28;717.79;86.75;4.03;4.21;5.1;313.0
1965-03-01;4.05;31.31;717.79;86.83;4.06;4.21;4.7;311.1
1965-04-01;4.09;31.38;730.191;87.97;4.04;4.2;4.8;310.1
1965-05-01;4.1;31.48;730.191;89.28;4.03;4.21;4.6;312.6
1965-06-01;4.05;31.61;730.191;85.04;3.99;4.21;4.6;311.0
1965-07-01;4.09;31.58;749.323;84.91;3.98;4.2;4.4;310.0
1965-08-01;4.12;31.55;749.323;86.49;4.07;4.25;4.4;310.9
1965-09-01;4.02;31.62;749.323;89.38;4.2;4.29;4.3;308.4
1965-10-01;4.08;31.65;771.857;91.39;4.3;4.35;4.2;310.3
1965-11-01;4.1;31.75;771.857;92.15;4.37;4.45;4.1;312.6
1965-12-01;4.32;31.85;771.857;91.73;4.72;4.62;4.0;309.3
1966-01-01;4.42;31.88;795.734;93.32;4.88;4.61;4.0;310.2
1966-02-01;4.6;32.08;795.734;92.69;4.94;4.83;3.8;309.4
1966-03-01;4.66;32.18;795.734;88.88;4.97;4.87;3.8;309.8
1966-04-01;4.67;32.28;804.981;91.6;4.9;4.75;3.8;307.9
1966-05-01;4.9;32.35;804.981;86.78;4.93;4.78;3.9;309.9
1966-06-01;5.17;32.38;804.981;86.06;4.97;4.81;3.8;306.3
1966-07-01;5.3;32.45;819.638;85.84;5.17;5.02;3.8;304.9
1966-08-01;5.53;32.65;819.638;80.65;5.54;5.22;3.8;307.3
1966-09-01;5.4;32.75;819.638;77.81;5.82;5.18;3.7;310.1
1966-10-01;5.53;32.85;833.302;77.13;5.58;5.01;3.7;313.6
1966-11-01;5.76;32.88;833.302;80.99;5.54;5.16;3.6;315.4
1966-12-01;5.4;32.92;833.302;81.33;5.2;4.84;3.8;319.5
1967-01-01;4.94;32.9;844.17;84.45;4.75;4.58;3.9;321.0
1967-02-01;5.0;33.0;844.17;87.36;4.71;4.63;3.8;320.6
1967-03-01;4.53;33.0;844.17;89.42;4.35;4.54;3.8;324.7
1967-04-01;4.05;33.1;848.983;90.96;4.11;4.59;3.8;319.4
1967-05-01;3.94;33.1;848.983;92.59;4.15;4.85;3.8;322.2
1967-06-01;3.98;33.3;848.983;91.43;4.48;5.02;3.9;313.3
1967-07-01;3.79;33.4;865.233;93.01;5.01;5.16;3.8;318.2
1967-08-01;3.9;33.5;865.233;94.49;5.13;5.28;3.8;322.2
1967-09-01;3.99;33.6;865.233;95.81;5.24;5.3;3.8;322.3
1967-10-01;3.88;33.7;881.439;95.66;5.37;5.48;4.0;323.9
1967-11-01;4.13;33.9;881.439;92.66;5.61;5.75;3.9;327.9
1967-12-01;4.51;34.0;881.439;95.3;5.71;5.7;3.8;327.9
1968-01-01;4.61;34.1;909.387;95.04;5.43;5.53;3.7;332.0
1968-02-01;4.71;34.2;909.387;90.75;5.41;5.56;3.8;337.2
1968-03-01;5.05;34.3;909.387;89.09;5.58;5.74;3.7;333.6
1968-04-01;5.76;34.4;934.344;95.67;5.71;5.64;3.5;331.0
1968-05-01;6.12;34.5;934.344;97.87;6.14;5.87;3.5;336.3
1968-06-01;6.07;34.7;934.344;100.5;5.98;5.72;3.7;333.4
1968-07-01;6.03;34.9;950.825;100.3;5.65;5.5;3.7;339.4
1968-08-01;6.03;35.0;950.825;98.11;5.43;5.42;3.5;342.7
1968-09-01;5.78;35.1;950.825;101.3;5.45;5.46;3.4;342.6
1968-10-01;5.91;35.3;968.03;103.8;5.57;5.58;3.4;344.0
1968-11-01;5.82;35.4;968.03;105.4;5.75;5.7;3.4;342.6
1968-12-01;6.02;35.6;968.03;106.5;6.19;6.03;3.4;339.4
1969-01-01;6.3;35.7;993.337;102.0;6.34;6.04;3.4;341.0
1969-02-01;6.61;35.8;993.337;101.5;6.41;6.19;3.4;339.3
1969-03-01;6.79;36.1;993.337;99.3;6.34;6.3;3.4;340.4
1969-04-01;7.41;36.3;1009.02;101.3;6.26;6.17;3.4;340.6
1969-05-01;8.67;36.4;1009.02;104.6;6.42;6.32;3.4;339.1
1969-06-01;8.9;36.6;1009.02;99.14;7.04;6.57;3.5;331.0
1969-07-01;8.61;36.8;1029.956;94.71;7.6;6.72;3.5;334.5
1969-08-01;9.19;36.9;1029.956;94.18;7.54;6.69;3.5;336.8
1969-09-01;9.15;37.1;1029.956;94.51;7.82;7.16;3.7;331.8
1969-10-01;9.0;37.3;1038.147;95.52;7.64;7.1;3.7;340.7
1969-11-01;8.85;37.5;1038.147;96.21;7.89;7.14;3.5;342.1
1969-12-01;8.97;37.7;1038.147;91.11;8.17;7.65;3.5;338.9
1970-01-01;8.98;37.9;1051.2;90.31;8.1;7.79;3.9;339.3
1970-02-01;8.98;38.1;1051.2;87.16;7.59;7.24;4.2;347.2
1970-03-01;7.76;38.3;1051.2;88.65;6.97;7.07;4.4;350.7
1970-04-01;8.1;38.5;1067.375;85.95;7.06;7.39;4.6;341.6
1970-05-01;7.95;38.6;1067.375;76.06;7.75;7.91;4.8;345.1
1970-06-01;7.61;38.8;1067.375;75.59;7.55;7.84;4.9;346.7
1970-07-01;7.21;38.9;1086.059;75.72;7.1;7.46;5.0;354.4
1970-08-01;6.62;39.0;1086.059;77.92;6.98;7.53;5.1;358.3
1970-09-01;6.29;39.2;1086.059;82.58;6.73;7.39;5.4;359.3
1970-10-01;6.2;39.4;1088.608;84.37;6.43;7.33;5.5;361.8
1970-11-01;5.6;39.6;1088.608;84.28;5.51;6.84;5.9;373.1
1970-12-01;4.9;39.8;1088.608;90.05;5.0;6.39;6.1;378.2
1971-01-01;4.14;39.9;1135.156;93.49;4.57;6.24;5.9;381.1
1971-02-01;3.72;39.9;1135.156;97.11;3.89;6.11;5.9;385.8
1971-03-01;3.71;40.0;1135.156;99.6;3.69;5.7;6.0;389.5
1971-04-01;4.16;40.1;1156.271;103.0;4.3;5.83;5.9;383.0
1971-05-01;4.63;40.3;1156.271;101.6;5.04;6.39;5.9;387.2
1971-06-01;4.91;40.5;1156.271;99.72;5.64;6.52;5.9;382.5
1971-07-01;5.31;40.6;1177.675;99.0;6.04;6.73;6.0;389.3
1971-08-01;5.57;40.7;1177.675;97.24;5.8;6.58;6.1;405.9
1971-09-01;5.55;40.8;1177.675;99.4;5.41;6.14;6.0;404.3
1971-10-01;5.2;40.9;1190.297;97.29;4.91;5.93;5.8;406.9
1971-11-01;4.91;41.0;1190.297;92.78;4.67;5.81;6.0;408.8
1971-12-01;4.14;41.1;1190.297;99.17;4.6;5.93;6.0;419.8
1972-01-01;3.51;41.2;1230.609;103.3;4.28;5.95;5.8;417.5
1972-02-01;3.3;41.4;1230.609;105.2;4.27;6.08;5.7;419.4
1972-03-01;3.83;41.4;1230.609;107.7;4.67;6.07;5.8;419.3
1972-04-01;4.17;41.5;1266.369;108.8;4.96;6.19;5.7;419.2
1972-05-01;4.27;41.6;1266.369;107.7;4.64;6.13;5.7;422.8
1972-06-01;4.46;41.7;1266.369;108.0;4.93;6.11;5.7;419.9
1972-07-01;4.55;41.8;1290.566;107.2;4.96;6.11;5.6;426.1
1972-08-01;4.81;41.9;1290.566;111.0;4.98;6.21;5.6;426.8
1972-09-01;4.87;42.1;1290.566;109.4;5.52;6.55;5.5;424.8
1972-10-01;5.05;42.2;1328.904;109.6;5.52;6.48;5.6;431.1
1972-11-01;5.06;42.4;1328.904;115.1;5.27;6.28;5.3;436.6
1972-12-01;5.33;42.5;1328.904;117.5;5.52;6.36;5.2;439.9
1973-01-01;5.94;42.7;1377.49;118.4;5.89;6.46;4.9;438.0
1973-02-01;6.58;43.0;1377.49;114.2;6.19;6.64;5.0;440.6
1973-03-01;7.09;43.4;1377.49;112.4;6.85;6.71;4.9;443.3
1973-04-01;7.12;43.7;1413.887;110.3;6.85;6.67;5.0;442.8
1973-05-01;7.84;43.9;1413.887;107.2;6.89;6.85;4.9;441.9
1973-06-01;8.49;44.2;1413.887;104.8;7.31;6.9;4.9;441.1
1973-07-01;10.4;44.2;1433.838;105.8;8.39;7.13;4.8;435.0
1973-08-01;10.5;45.0;1433.838;103.8;8.82;7.4;4.8;441.8
1973-09-01;10.78;45.2;1433.838;105.6;8.31;7.09;4.8;447.2
1973-10-01;10.01;45.6;1476.289;109.8;7.4;6.79;4.6;448.7
1973-11-01;10.03;45.9;1476.289;102.0;7.57;6.73;4.8;449.8
1973-12-01;9.95;46.3;1476.289;94.78;7.27;6.74;4.9;454.9
1974-01-01;9.65;46.8;1491.209;96.11;7.42;6.99;5.1;453.1
1974-02-01;8.97;47.3;1491.209;93.45;6.88;6.96;5.2;455.0
1974-03-01;9.35;47.8;1491.209;97.44;7.76;7.21;5.1;453.1
1974-04-01;10.51;48.1;1530.056;92.46;8.62;7.51;5.1;447.6
1974-05-01;11.31;48.6;1530.056;89.67;8.78;7.58;5.1;452.4
1974-06-01;11.93;49.0;1530.056;89.79;8.67;7.54;5.4;451.8
1974-07-01;12.92;49.3;1560.026;79.31;8.8;7.81;5.5;451.0
1974-08-01;12.01;49.9;1560.026;76.03;9.36;8.04;5.5;455.4
1974-09-01;11.34;50.6;1560.026;68.12;8.87;8.04;5.9;460.5
1974-10-01;10.06;51.0;1599.679;69.44;8.05;7.9;6.0;460.9
1974-11-01;9.45;51.5;1599.679;71.74;7.66;7.68;6.6;469.1
1974-12-01;8.53;51.9;1599.679;67.07;7.31;7.43;7.2;478.7
1975-01-01;7.13;52.3;1616.116;72.56;6.83;7.5;8.1;483.0
1975-02-01;6.24;52.6;1616.116;80.1;5.98;7.39;8.1;490.8
1975-03-01;5.54;52.8;1616.116;83.78;6.11;7.73;8.6;498.0
1975-04-01;5.49;53.0;1651.853;84.72;6.9;8.23;8.8;501.0
1975-05-01;5.22;53.1;1651.853;90.1;6.39;8.06;9.0;517.1
1975-06-01;5.55;53.5;1651.853;92.4;6.29;7.86;8.8;520.9
1975-07-01;6.1;54.0;1709.82;92.49;7.11;8.06;8.6;523.5
1975-08-01;6.14;54.2;1709.82;85.71;7.7;8.4;8.4;532.2
1975-09-01;6.24;54.6;1709.82;84.67;7.75;8.43;8.4;535.3
1975-10-01;5.82;54.9;1761.831;88.57;6.95;8.14;8.4;551.2
1975-11-01;5.22;55.3;1761.831;90.07;6.49;8.05;8.3;554.2
1975-12-01;5.2;55.6;1761.831;88.7;6.6;8.0;8.2;567.8
1976-01-01;4.87;55.8;1820.487;96.86;5.81;7.74;7.9;577.4
1976-02-01;4.77;55.9;1820.487;100.6;5.91;7.79;7.7;586.0
1976-03-01;4.84;56.0;1820.487;101.1;6.21;7.73;7.6;594.1
1976-04-01;4.82;56.1;1852.332;101.9;5.92;7.56;7.7;595.7
1976-05-01;5.29;56.4;1852.332;101.2;6.4;7.9;7.4;599.5
1976-06-01;5.48;56.7;1852.332;101.8;6.52;7.86;7.6;611.5
1976-07-01;5.31;57.0;1886.558;104.2;6.2;7.83;7.8;617.4
1976-08-01;5.29;57.3;1886.558;103.3;6.0;7.77;7.8;630.0
1976-09-01;5.25;57.6;1886.558;105.5;5.84;7.59;7.6;632.4
1976-10-01;5.02;57.9;1934.273;101.9;5.5;7.41;7.7;637.3
1976-11-01;4.95;58.1;1934.273;101.2;5.29;7.29;7.8;650.5
1976-12-01;4.65;58.4;1934.273;104.7;4.89;6.87;7.8;660.1
1977-01-01;4.61;58.7;1988.648;103.8;5.29;7.21;7.5;650.6
1977-02-01;4.68;59.3;1988.648;101.0;5.47;7.39;7.6;659.7
1977-03-01;4.69;59.6;1988.648;100.6;5.5;7.46;7.4;666.2
1977-04-01;4.73;60.0;2055.909;99.05;5.44;7.37;7.2;667.7
1977-05-01;5.35;60.2;2055.909;98.76;5.84;7.46;7.0;668.7
1977-06-01;5.39;60.5;2055.909;99.29;5.8;7.28;7.2;673.4
1977-07-01;5.42;60.8;2118.473;100.2;5.94;7.33;6.9;668.8
1977-08-01;5.9;61.1;2118.473;97.75;6.37;7.4;7.0;681.1
1977-09-01;6.14;61.3;2118.473;96.23;6.53;7.34;6.8;692.3
1977-10-01;6.47;61.6;2164.27;93.74;6.97;7.52;6.8;687.1
1977-11-01;6.51;62.0;2164.27;94.28;6.95;7.58;6.8;698.9
1977-12-01;6.56;62.3;2164.27;93.82;6.96;7.69;6.4;706.8
1978-01-01;6.7;62.7;2202.76;90.25;7.28;7.96;6.4;707.3
1978-02-01;6.78;63.0;2202.76;88.98;7.34;8.03;6.3;714.6
1978-03-01;6.79;63.4;2202.76;88.82;7.31;8.04;6.3;721.8
1978-04-01;6.89;63.9;2331.633;92.71;7.45;8.15;6.1;718.3
1978-05-01;7.36;64.5;2331.633;97.41;7.82;8.35;6.0;720.4
1978-06-01;7.6;65.0;2331.633;97.66;8.09;8.46;5.9;724.6
1978-07-01;7.81;65.5;2395.053;97.19;8.39;8.64;6.2;727.9
1978-08-01;8.04;65.9;2395.053;103.9;8.31;8.41;5.9;742.9
1978-09-01;8.45;66.5;2395.053;103.9;8.64;8.42;6.0;747.4
1978-10-01;8.96;67.1;2476.949;100.6;9.14;8.64;5.8;744.8
1978-11-01;9.76;67.5;2476.949;94.71;10.01;8.81;5.9;752.7
1978-12-01;10.03;67.9;2476.949;96.11;10.3;9.01;6.0;752.2
1979-01-01;10.07;68.5;2526.61;99.71;10.41;9.1;5.9;759.3
1979-02-01;10.06;69.2;2526.61;98.23;10.24;9.1;5.9;758.0
1979-03-01;10.09;69.9;2526.61;100.1;10.25;9.12;5.8;764.9
1979-04-01;10.01;70.6;2591.247;102.1;10.12;9.18;5.8;763.0
1979-05-01;10.24;71.4;2591.247;99.73;10.12;9.25;5.6;776.3
1979-06-01;10.29;72.2;2591.247;101.7;9.57;8.91;5.7;782.7
1979-07-01;10.47;73.0;2667.565;102.7;9.64;8.95;5.7;781.7
1979-08-01;10.94;73.7;2667.565;107.4;9.98;9.03;6.0;782.2
1979-09-01;11.43;74.4;2667.565;108.6;10.84;9.33;5.9;790.6
1979-10-01;13.77;75.2;2723.883;104.5;12.44;10.3;6.0;768.1
1979-11-01;13.18;76.0;2723.883;103.7;12.39;10.65;5.9;786.6
1979-12-01;13.78;76.9;2723.883;107.8;11.98;10.39;6.0;798.1
1980-01-01;13.82;78.0;2789.842;110.9;12.06;10.8;6.3;790.0
1980-02-01;14.13;79.0;2789.842;115.3;13.92;12.41;6.3;769.4
1980-03-01;17.19;80.1;2789.842;104.7;15.82;12.75;6.3;780.2
1980-04-01;17.61;80.9;2797.352;103.0;13.3;11.47;6.9;827.3
1980-05-01;10.98;81.7;2797.352;107.7;9.39;10.18;7.5;852.2
1980-06-01;9.47;82.5;2797.352;114.6;8.16;9.78;7.6;855.9
1980-07-01;9.03;82.6;2856.483;119.8;8.65;10.25;7.8;848.5
1980-08-01;9.61;83.2;2856.483;123.5;10.24;11.1;7.7;840.1
1980-09-01;10.87;83.9;2856.483;126.5;11.52;11.51;7.5;847.1
1980-10-01;12.81;84.7;2985.557;130.2;12.49;11.75;7.5;837.0
1980-11-01;15.85;85.6;2985.557;135.7;14.15;12.68;7.5;837.6
1980-12-01;18.9;86.4;2985.557;133.5;14.88;12.84;7.2;863.8
1981-01-01;19.08;87.2;3124.206;133.0;14.08;12.57;7.5;864.1
1981-02-01;15.93;88.0;3124.206;128.4;14.57;13.19;7.4;871.2
1981-03-01;14.7;88.6;3124.206;133.2;13.71;13.12;7.4;896.8
1981-04-01;15.72;89.1;3162.532;134.4;14.32;13.68;7.2;876.9
1981-05-01;18.52;89.7;3162.532;131.7;16.2;14.1;7.5;889.3
1981-06-01;19.1;90.5;3162.532;132.3;14.86;13.47;7.5;892.6
1981-07-01;19.04;91.5;3260.609;129.1;15.72;14.28;7.2;881.3
1981-08-01;17.82;92.2;3260.609;129.6;16.72;14.94;7.4;877.0
1981-09-01;15.87;93.1;3260.609;118.3;16.52;15.32;7.6;892.1
1981-10-01;15.08;93.4;3280.818;119.8;15.38;15.15;7.9;922.6
1981-11-01;13.31;93.8;3280.818;122.9;12.41;13.39;8.3;968.4
1981-12-01;12.37;94.1;3280.818;123.8;12.85;13.72;8.5;961.4
1982-01-01;13.22;94.4;3274.302;117.3;14.32;14.59;8.6;966.1
1982-02-01;14.78;94.7;3274.302;114.5;14.73;14.43;8.9;979.4
1982-03-01;14.68;94.7;3274.302;110.8;13.95;13.86;9.0;991.9
1982-04-01;14.94;95.0;3331.972;116.3;13.98;13.87;9.3;1005.8
1982-05-01;14.45;95.9;3331.972;116.4;13.34;13.62;9.4;1015.9
1982-06-01;14.15;97.0;3331.972;109.7;14.07;14.3;9.6;1008.3
1982-07-01;12.59;97.5;3366.322;109.4;13.24;13.95;9.8;1038.8
1982-08-01;10.12;97.7;3366.322;109.7;11.43;13.06;9.8;1081.4
1982-09-01;10.31;97.7;3366.322;122.4;10.85;12.34;10.1;1130.8
1982-10-01;9.71;98.1;3402.561;132.7;9.32;10.91;10.4;1154.7
1982-11-01;9.2;98.0;3402.561;138.1;9.16;10.55;10.8;1170.5
1982-12-01;8.95;97.7;3402.561;139.4;8.91;10.54;10.8;1212.1
1983-01-01;8.68;97.9;3473.413;144.3;8.62;10.46;10.4;1206.9
1983-02-01;8.51;98.0;3473.413;146.8;8.92;10.72;10.4;1232.6
1983-03-01;8.77;98.1;3473.413;151.9;9.04;10.51;10.3;1251.2
1983-04-01;8.8;98.8;3578.848;157.7;8.98;10.4;10.2;1265.0
1983-05-01;8.63;99.2;3578.848;164.1;8.9;10.38;10.1;1291.6
1983-06-01;8.98;99.4;3578.848;166.4;9.66;10.85;10.1;1314.1
1983-07-01;9.37;99.8;3689.179;167.0;10.2;11.38;9.4;1299.8
1983-08-01;9.56;100.1;3689.179;162.4;10.53;11.85;9.5;1318.5
1983-09-01;9.45;100.4;3689.179;167.2;10.16;11.65;9.2;1362.6
1983-10-01;9.48;100.8;3794.706;167.7;9.81;11.54;8.8;1365.3
1983-11-01;9.34;101.1;3794.706;165.2;9.94;11.69;8.5;1372.0
1983-12-01;9.47;101.4;3794.706;164.4;10.11;11.83;8.3;1385.4
1984-01-01;9.56;102.1;3908.054;166.4;9.9;11.67;8.0;1418.8
1984-02-01;9.59;102.6;3908.054;157.3;10.04;11.84;7.8;1426.8
1984-03-01;9.91;102.9;3908.054;157.4;10.59;12.32;7.8;1419.8
1984-04-01;10.29;103.3;4009.601;157.6;10.9;12.63;7.7;1433.4
1984-05-01;10.32;103.5;4009.601;156.6;11.66;13.41;7.4;1413.6
1984-06-01;11.06;103.7;4009.601;153.1;12.08;13.56;7.2;1428.5
1984-07-01;11.23;104.1;4084.25;151.1;12.03;13.36;7.5;1479.7
1984-08-01;11.64;104.4;4084.25;164.4;11.82;12.72;7.5;1504.3
1984-09-01;11.3;104.7;4084.25;166.1;11.58;12.52;7.3;1528.0
1984-10-01;9.99;105.1;4148.551;164.8;10.9;12.16;7.4;1595.7
1984-11-01;9.43;105.3;4148.551;166.3;9.82;11.57;7.2;1623.2
1984-12-01;8.38;105.5;4148.551;164.5;9.33;11.5;7.3;1660.8
1985-01-01;8.35;105.7;4230.168;171.6;9.02;11.38;7.3;1688.2
1985-02-01;8.5;106.3;4230.168;180.9;9.29;11.51;7.2;1676.7
1985-03-01;8.58;106.8;4230.168;179.4;9.86;11.86;7.2;1697.8
1985-04-01;8.27;107.0;4294.887;180.6;9.14;11.43;7.3;1732.9
1985-05-01;7.97;107.2;4294.887;184.9;8.46;10.85;7.2;1796.8
1985-06-01;7.53;107.5;4294.887;188.9;7.8;10.16;7.4;1821.1
1985-07-01;7.88;107.7;4386.773;192.5;7.86;10.31;7.4;1831.4
1985-08-01;7.9;107.9;4386.773;188.3;8.05;10.33;7.1;1858.3
1985-09-01;7.92;108.1;4386.773;184.1;8.07;10.37;7.1;1860.5
1985-10-01;7.99;108.5;4444.094;186.2;8.01;10.24;7.1;1879.8
1985-11-01;8.05;109.0;4444.094;197.5;7.88;9.78;7.0;1965.5
1985-12-01;8.27;109.5;4444.094;207.3;7.67;9.26;7.0;2039.3
1986-01-01;8.14;109.9;4507.894;208.2;7.73;9.19;6.7;2050.3
1986-02-01;7.86;109.7;4507.894;219.4;7.61;8.7;7.2;2114.5
1986-03-01;7.48;109.1;4507.894;232.3;7.03;7.78;7.2;2168.4
1986-04-01;6.99;108.7;4545.34;238.0;6.44;7.3;7.1;2183.7
1986-05-01;6.85;109.0;4545.34;238.5;6.65;7.71;7.2;2162.8
1986-06-01;6.92;109.4;4545.34;245.3;6.73;7.8;7.2;2225.0
1986-07-01;6.56;109.5;4607.669;240.2;6.27;7.3;7.0;2237.3
1986-08-01;6.17;109.6;4607.669;245.0;5.93;7.17;6.9;2292.2
1986-09-01;5.89;110.0;4607.669;238.3;5.77;7.45;7.0;2277.6
1986-10-01;5.85;110.2;4657.627;237.4;5.72;7.43;7.0;2307.3
1986-11-01;6.04;110.4;4657.627;245.1;5.8;7.25;6.9;2355.3
1986-12-01;6.91;110.8;4657.627;248.6;5.87;7.11;6.6;2378.1
1987-01-01;6.43;111.4;4722.156;264.5;5.78;7.08;6.6;2392.8
1987-02-01;6.1;111.8;4722.156;280.9;5.96;7.25;6.6;2413.3
1987-03-01;6.13;112.2;4722.156;292.5;6.03;7.25;6.6;2394.8
1987-04-01;6.37;112.7;4806.16;289.3;6.5;8.02;6.3;2363.5
1987-05-01;6.85;113.0;4806.16;289.1;7.0;8.61;6.3;2364.9
1987-06-01;6.73;113.5;4806.16;301.4;6.8;8.4;6.2;2393.6
1987-07-01;6.58;113.8;4884.555;310.1;6.68;8.45;6.1;2372.5
1987-08-01;6.73;114.3;4884.555;329.4;7.03;8.76;6.0;2387.5
1987-09-01;7.22;114.7;4884.555;318.7;7.67;9.42;5.9;2350.5
1987-10-01;7.29;115.0;5007.994;280.2;7.59;9.52;6.0;2436.3
1987-11-01;6.69;115.4;5007.994;245.0;6.96;8.86;5.8;2456.6
1987-12-01;6.77;115.6;5007.994;241.0;7.17;8.99;5.7;2484.0
1988-01-01;6.83;116.0;5073.372;250.5;6.99;8.67;5.7;2546.5
1988-02-01;6.58;116.2;5073.372;258.1;6.64;8.21;5.7;2576.3
1988-03-01;6.58;116.5;5073.372;265.7;6.71;8.37;5.7;2558.6
1988-04-01;6.87;117.2;5190.036;262.6;7.01;8.72;5.4;2550.3
1988-05-01;7.09;117.5;5190.036;256.1;7.4;9.09;5.6;2543.0
1988-06-01;7.51;118.0;5190.036;270.7;7.49;8.92;5.4;2595.4
1988-07-01;7.75;118.5;5282.835;269.1;7.75;9.06;5.4;2575.6
1988-08-01;8.01;119.0;5282.835;263.7;8.17;9.26;5.6;2586.1
1988-09-01;8.19;119.5;5282.835;268.0;8.09;8.98;5.4;2637.0
1988-10-01;8.3;119.9;5399.509;277.4;8.11;8.8;5.4;2678.8
1988-11-01;8.35;120.3;5399.509;271.0;8.48;8.96;5.3;2676.3
1988-12-01;8.76;120.7;5399.509;276.5;8.99;9.11;5.3;2694.4
1989-01-01;9.12;121.2;5511.253;285.4;9.05;9.09;5.4;2717.5
1989-02-01;9.36;121.6;5511.253;294.0;9.25;9.17;5.2;2717.3
1989-03-01;9.85;122.2;5511.253;292.7;9.57;9.36;5.0;2730.3
1989-04-01;9.84;123.1;5612.463;302.3;9.36;9.18;5.2;2768.9
1989-05-01;9.81;123.7;5612.463;313.9;8.98;8.86;5.2;2823.8
1989-06-01;9.53;124.1;5612.463;323.7;8.44;8.28;5.3;2901.8
1989-07-01;9.24;124.5;5695.365;331.9;7.89;8.02;5.2;2932.6
1989-08-01;8.99;124.5;5695.365;346.6;8.18;8.11;5.2;2919.6
1989-09-01;9.02;124.8;5695.365;347.3;8.22;8.19;5.3;2929.8
1989-10-01;8.84;125.4;5747.237;347.4;7.99;8.01;5.3;3011.6
1989-11-01;8.55;125.9;5747.237;340.2;7.77;7.87;5.4;3040.0
1989-12-01;8.45;126.3;5747.237;348.6;7.72;7.84;5.4;3071.3
1990-01-01;8.23;127.5;5872.701;339.97;7.92;8.21;5.4;3035.6
1990-02-01;8.24;128.0;5872.701;330.45;8.11;8.47;5.3;3043.9
1990-03-01;8.28;128.6;5872.701;338.46;8.35;8.59;5.2;3087.4
1990-04-01;8.26;128.9;5960.028;338.18;8.4;8.79;5.4;3062.8
1990-05-01;8.18;129.1;5960.028;350.25;8.32;8.76;5.4;3138.3
1990-06-01;8.29;129.9;5960.028;360.39;8.1;8.48;5.2;3205.6
1990-07-01;8.15;130.5;6015.116;360.03;7.94;8.47;5.5;3240.7
1990-08-01;8.13;131.6;6015.116;330.75;7.78;8.75;5.7;3235.7
1990-09-01;8.2;132.5;6015.116;315.41;7.76;8.89;5.9;3264.5
1990-10-01;8.11;133.4;6004.733;307.12;7.55;8.72;5.9;3325.9
1990-11-01;7.81;133.7;6004.733;315.29;7.31;8.39;6.2;3414.6
1990-12-01;7.31;134.2;6004.733;328.75;7.05;8.08;6.3;3469.8
1991-01-01;6.91;134.7;6035.178;325.49;6.64;8.09;6.4;3524.6
1991-02-01;6.25;134.8;6035.178;362.26;6.27;7.85;6.6;3568.6
1991-03-01;6.12;134.8;6035.178;372.28;6.4;8.11;6.8;3571.1
1991-04-01;5.91;135.1;6126.862;379.68;6.24;8.04;6.7;3560.4
1991-05-01;5.78;135.6;6126.862;377.99;6.13;8.07;6.9;3603.3
1991-06-01;5.9;136.0;6126.862;378.29;6.36;8.28;6.9;3623.5
1991-07-01;5.82;136.2;6205.937;380.23;6.31;8.27;6.8;3674.9
1991-08-01;5.66;136.6;6205.937;389.4;5.78;7.9;6.9;3750.4
1991-09-01;5.45;137.0;6205.937;387.2;5.57;7.65;6.9;3807.2
1991-10-01;5.21;137.2;6264.54;386.88;5.33;7.53;7.0;3894.7
1991-11-01;4.81;137.8;6264.54;385.92;4.89;7.42;7.0;3935.9
1991-12-01;4.43;138.2;6264.54;388.51;4.38;7.09;7.3;4066.6
1992-01-01;4.03;138.3;6363.102;416.08;4.15;7.03;7.3;4009.3
1992-02-01;4.06;138.6;6363.102;412.56;4.29;7.34;7.4;4021.4
1992-03-01;3.98;139.1;6363.102;407.36;4.63;7.54;7.4;4038.0
1992-04-01;3.73;139.4;6470.763;407.41;4.3;7.48;7.4;4049.1
1992-05-01;3.82;139.7;6470.763;414.81;4.19;7.39;7.6;4126.6
1992-06-01;3.76;140.1;6470.763;408.27;4.17;7.26;7.8;4194.9
1992-07-01;3.25;140.5;6566.641;415.05;3.6;6.84;7.7;4226.8
1992-08-01;3.3;140.8;6566.641;417.93;3.47;6.59;7.6;4316.0
1992-09-01;3.22;141.1;6566.641;418.48;3.18;6.42;7.6;4341.8
1992-10-01;3.1;141.7;6680.803;412.5;3.3;6.59;7.3;4299.2
1992-11-01;3.09;142.1;6680.803;422.84;3.68;6.87;7.4;4372.2
1992-12-01;2.92;142.3;6680.803;435.64;3.71;6.77;7.4;4412.8
1993-01-01;3.02;142.8;6729.459;435.23;3.5;6.6;7.3;4446.0
1993-02-01;3.03;143.1;6729.459;441.7;3.39;6.26;7.1;4519.6
1993-03-01;3.07;143.3;6729.459;450.16;3.33;5.98;7.0;4541.6
1993-04-01;2.96;143.8;6808.939;443.08;3.24;5.97;7.1;4570.5
1993-05-01;3.0;144.2;6808.939;445.25;3.36;6.04;7.1;4590.6
1993-06-01;3.04;144.3;6808.939;448.06;3.54;5.96;7.0;4701.2
1993-07-01;3.06;144.5;6882.098;447.29;3.47;5.81;6.9;4692.3
1993-08-01;3.03;144.8;6882.098;454.13;3.44;5.68;6.8;4793.9
1993-09-01;3.09;145.0;6882.098;459.24;3.36;5.36;6.7;4798.7
1993-10-01;2.99;145.6;7013.738;463.9;3.39;5.33;6.8;4804.1
1993-11-01;3.02;146.0;7013.738;462.89;3.58;5.72;6.6;4816.6
1993-12-01;2.96;146.3;7013.738;465.95;3.61;5.77;6.5;4853.9
1994-01-01;3.05;146.3;7115.652;472.99;3.54;5.75;6.6;4875.9
1994-02-01;3.25;146.7;7115.652;471.58;3.87;5.97;6.6;4812.1
1994-03-01;3.34;147.1;7115.652;463.81;4.32;6.48;6.5;4737.9
1994-04-01;3.56;147.2;7246.931;447.23;4.82;6.97;6.4;4686.7
1994-05-01;4.01;147.5;7246.931;450.9;5.31;7.18;6.1;4702.8
1994-06-01;4.25;147.9;7246.931;454.83;5.27;7.1;6.1;4713.8
1994-07-01;4.26;148.4;7331.075;451.4;5.48;7.3;6.1;4741.3
1994-08-01;4.47;149.0;7331.075;464.24;5.56;7.24;6.0;4780.2
1994-09-01;4.73;149.3;7331.075;466.96;5.76;7.46;5.9;4716.5
1994-10-01;4.76;149.4;7455.288;463.81;6.11;7.74;5.8;4736.8
1994-11-01;5.29;149.8;7455.288;461.01;6.54;7.96;5.6;4753.3
1994-12-01;5.45;150.1;7455.288;455.19;7.14;7.81;5.5;4774.0
1995-01-01;5.53;150.5;7522.289;465.25;7.05;7.78;5.6;4830.4
1995-02-01;5.92;150.9;7522.289;481.92;6.7;7.47;5.4;4919.3
1995-03-01;5.98;151.2;7522.289;493.15;6.43;7.2;5.4;4932.0
1995-04-01;6.05;151.8;7580.997;507.91;6.27;7.06;5.8;4945.8
1995-05-01;6.01;152.1;7580.997;523.81;6.0;6.63;5.6;5113.5
1995-06-01;6.0;152.4;7580.997;539.35;5.64;6.17;5.6;5167.5
1995-07-01;5.85;152.6;7683.125;557.37;5.59;6.28;5.7;5143.5
1995-08-01;5.74;152.9;7683.125;559.11;5.75;6.49;5.7;5175.0
1995-09-01;5.8;153.1;7683.125;578.77;5.62;6.2;5.6;5192.5
1995-10-01;5.76;153.5;7772.586;582.92;5.59;6.04;5.5;5234.9
1995-11-01;5.8;153.7;7772.586;595.53;5.43;5.93;5.6;5270.8
1995-12-01;5.6;153.9;7772.586;614.57;5.31;5.71;5.6;5305.8
1996-01-01;5.56;154.7;7868.468;614.42;5.09;5.65;5.6;5307.9
1996-02-01;5.22;155.0;7868.468;649.54;4.94;5.81;5.5;5241.1
1996-03-01;5.31;155.5;7868.468;647.07;5.34;6.27;5.5;5296.2
1996-04-01;5.22;156.1;8032.84;647.17;5.54;6.51;5.6;5239.9
1996-05-01;5.24;156.4;8032.84;661.23;5.64;6.74;5.6;5239.3
1996-06-01;5.27;156.7;8032.84;668.5;5.81;6.91;5.3;5294.8
1996-07-01;5.4;157.0;8131.408;644.07;5.85;6.87;5.5;5311.5
1996-08-01;5.22;157.2;8131.408;662.68;5.67;6.64;5.1;5303.1
1996-09-01;5.3;157.7;8131.408;674.88;5.83;6.83;5.2;5357.4
1996-10-01;5.24;158.2;8259.771;701.46;5.55;6.53;5.2;5436.7
1996-11-01;5.31;158.7;8259.771;735.67;5.42;6.2;5.4;5529.3
1996-12-01;5.29;159.1;8259.771;743.25;5.47;6.3;5.4;5496.2
1997-01-01;5.25;159.4;8362.655;766.22;5.61;6.58;5.3;5471.7
1997-02-01;5.19;159.7;8362.655;798.39;5.53;6.42;5.2;5491.6
1997-03-01;5.39;159.8;8362.655;792.16;5.8;6.69;5.2;5464.2
1997-04-01;5.51;159.9;8518.825;763.93;5.99;6.89;5.1;5458.3
1997-05-01;5.5;159.9;8518.825;833.09;5.87;6.71;4.9;5468.6
1997-06-01;5.56;160.2;8518.825;876.29;5.69;6.49;5.0;5520.4
1997-07-01;5.52;160.4;8662.823;925.29;5.54;6.22;4.9;5604.5
1997-08-01;5.54;160.8;8662.823;927.24;5.56;6.3;4.8;5576.0
1997-09-01;5.54;161.2;8662.823;937.02;5.52;6.21;4.9;5623.9
1997-10-01;5.5;161.5;8765.907;951.16;5.46;6.03;4.7;5678.3
1997-11-01;5.52;161.7;8765.907;938.92;5.46;5.88;4.6;5713.0
1997-12-01;5.5;161.8;8765.907;962.37;5.53;5.81;4.7;5777.0
1998-01-01;5.56;162.0;8866.48;963.36;5.24;5.54;4.6;5808.6
1998-02-01;5.51;162.0;8866.48;1023.74;5.31;5.57;4.6;5805.5
1998-03-01;5.49;162.0;8866.48;1076.83;5.39;5.65;4.7;5817.4
1998-04-01;5.45;162.2;8969.699;1112.2;5.38;5.64;4.3;5771.7
1998-05-01;5.49;162.6;8969.699;1108.42;5.44;5.65;4.4;5801.3
1998-06-01;5.56;162.8;8969.699;1108.39;5.41;5.5;4.5;5866.6
1998-07-01;5.54;163.2;9121.097;1156.58;5.36;5.46;4.5;5833.1
1998-08-01;5.55;163.4;9121.097;1074.62;5.21;5.34;4.5;5967.1
1998-09-01;5.51;163.5;9121.097;1020.64;4.71;4.81;4.6;6017.5
1998-10-01;5.07;163.9;9293.991;1032.47;4.12;4.53;4.5;6020.2
1998-11-01;4.83;164.1;9293.991;1144.43;4.53;4.83;4.4;6028.0
1998-12-01;4.68;164.4;9293.991;1190.05;4.52;4.65;4.4;6035.8
1999-01-01;4.63;164.7;9411.682;1248.77;4.51;4.72;4.3;6042.3
1999-02-01;4.76;164.7;9411.682;1246.58;4.7;5.0;4.4;5925.4
1999-03-01;4.81;164.8;9411.682;1281.66;4.78;5.23;4.2;5947.5
1999-04-01;4.74;165.9;9526.21;1334.76;4.69;5.18;4.3;5876.5
1999-05-01;4.74;166.0;9526.21;1332.07;4.85;5.54;4.2;5837.9
1999-06-01;4.76;166.0;9526.21;1322.55;5.1;5.9;4.3;5848.4
1999-07-01;4.99;166.7;9686.626;1380.99;5.03;5.79;4.3;5820.7
1999-08-01;5.07;167.1;9686.626;1327.49;5.2;5.94;4.2;5832.3
1999-09-01;5.22;167.8;9686.626;1318.17;5.25;5.92;4.2;5828.5
1999-10-01;5.2;168.1;9900.169;1300.01;5.43;6.11;4.1;5830.4
1999-11-01;5.42;168.4;9900.169;1391.0;5.55;6.03;4.1;5814.4
1999-12-01;5.3;168.8;9900.169;1428.68;5.84;6.28;4.0;5852.5
2000-01-01;5.45;169.3;10002.179;1425.59;6.12;6.66;4.0;5777.2
2000-02-01;5.73;170.0;10002.179;1388.87;6.22;6.52;4.1;5835.2
2000-03-01;5.85;171.0;10002.179;1442.21;6.22;6.26;4.0;5926.6
2000-04-01;6.02;170.9;10247.72;1461.36;6.15;5.99;3.8;5813.7
2000-05-01;6.27;171.2;10247.72;1418.48;6.33;6.44;4.0;5760.0
2000-06-01;6.53;172.2;10247.72;1461.96;6.17;6.1;4.0;5839.8
2000-07-01;6.54;172.7;10318.165;1473.0;6.08;6.05;4.0;5832.1
2000-08-01;6.5;172.7;10318.165;1485.46;6.18;5.83;4.1;5883.8
2000-09-01;6.52;173.6;10318.165;1468.05;6.13;5.8;3.9;5869.1
2000-10-01;6.51;173.9;10435.744;1390.14;6.01;5.74;3.9;5867.6
2000-11-01;6.51;174.2;10435.744;1378.04;6.09;5.72;3.9;5969.5
2000-12-01;6.4;174.6;10435.744;1330.93;5.6;5.24;3.9;5984.4
2001-01-01;5.98;175.6;10470.231;1335.63;4.81;5.16;4.2;6065.5
2001-02-01;5.49;176.0;10470.231;1305.75;4.68;5.1;4.2;6112.7
2001-03-01;5.31;176.1;10470.231;1185.85;4.3;4.89;4.3;6145.7
2001-04-01;4.8;176.4;10599.0;1189.84;3.98;5.14;4.4;5969.7
2001-05-01;4.21;177.3;10599.0;1270.37;3.78;5.39;4.3;5964.8
2001-06-01;3.97;177.7;10599.0;1238.71;3.58;5.28;4.5;6030.7
2001-07-01;3.77;177.4;10598.02;1204.45;3.62;5.24;4.6;6089.1
2001-08-01;3.65;177.4;10598.02;1178.5;3.47;4.97;4.9;6159.6
2001-09-01;3.07;178.1;10598.02;1044.64;2.82;4.73;5.0;6251.2
2001-10-01;2.49;177.6;10660.465;1076.59;2.33;4.57;5.3;6349.5
2001-11-01;2.09;177.5;10660.465;1129.68;2.18;4.65;5.5;6290.3
2001-12-01;1.82;177.4;10660.465;1144.93;2.22;5.09;5.7;6292.8
2002-01-01;1.73;177.7;10783.5;1140.21;2.16;5.04;5.7;6289.0
2002-02-01;1.74;178.0;10783.5;1100.67;2.23;4.91;5.7;6370.5
2002-03-01;1.73;178.5;10783.5;1153.79;2.57;5.28;5.7;6267.2
2002-04-01;1.75;179.3;10887.46;1111.93;2.48;5.21;5.9;6318.4
2002-05-01;1.75;179.5;10887.46;1079.25;2.35;5.16;5.8;6350.8
2002-06-01;1.75;179.6;10887.46;1014.02;2.2;4.93;5.8;6504.6
2002-07-01;1.73;180.0;10984.04;903.59;1.96;4.65;5.8;6601.3
2002-08-01;1.74;180.5;10984.04;912.55;1.76;4.26;5.7;6725.1
2002-09-01;1.75;180.8;10984.04;867.81;1.72;3.87;5.7;6834.9
2002-10-01;1.75;181.2;11061.433;854.63;1.65;3.94;5.7;6819.7
2002-11-01;1.34;181.5;11061.433;909.93;1.49;4.05;5.9;6818.4
2002-12-01;1.24;181.8;11061.433;899.18;1.45;4.03;6.0;6975.8
2003-01-01;1.24;182.6;11174.129;895.84;1.36;4.05;5.8;6941.9
2003-02-01;1.26;183.6;11174.129;837.03;1.3;3.9;5.9;7040.2
2003-03-01;1.25;183.9;11174.129;846.63;1.24;3.81;5.9;7011.9
2003-04-01;1.26;183.2;11312.766;890.03;1.27;3.96;6.0;7009.3
2003-05-01;1.26;182.9;11312.766;935.96;1.18;3.57;6.1;7218.7
2003-06-01;1.22;183.1;11312.766;988.0;1.01;3.33;6.3;7290.0
2003-07-01;1.01;183.7;11566.669;992.54;1.12;3.98;6.2;7163.8
2003-08-01;1.03;184.5;11566.669;989.53;1.31;4.45;6.1;7198.9
2003-09-01;1.01;185.1;11566.669;1019.44;1.24;4.27;6.1;7302.6
2003-10-01;1.01;184.9;11772.234;1038.73;1.25;4.29;6.0;7309.9
2003-11-01;1.0;185.0;11772.234;1049.9;1.34;4.3;5.8;7345.3
2003-12-01;0.98;185.5;11772.234;1080.64;1.31;4.27;5.7;7444.8
2004-01-01;1.0;186.3;11923.447;1132.52;1.24;4.15;5.7;7480.2
2004-02-01;1.01;186.7;11923.447;1143.36;1.24;4.08;5.6;7604.1
2004-03-01;1.0;187.1;11923.447;1123.98;1.19;3.83;5.8;7656.9
2004-04-01;1.0;187.4;12112.815;1133.36;1.43;4.35;5.6;7479.0
2004-05-01;1.0;188.2;12112.815;1102.78;1.78;4.72;5.6;7517.6
2004-06-01;1.03;188.9;12112.815;1132.76;2.12;4.73;5.6;7599.1
2004-07-01;1.26;189.1;12305.307;1105.85;2.1;4.5;5.5;7655.7
2004-08-01;1.43;189.2;12305.307;1088.94;2.02;4.28;5.4;7769.7
2004-09-01;1.61;189.8;12305.307;1117.66;2.12;4.13;5.4;7788.2
2004-10-01;1.76;190.8;12527.214;1117.21;2.23;4.1;5.5;7862.0
2004-11-01;1.93;191.7;12527.214;1168.94;2.5;4.19;5.4;7870.9
2004-12-01;2.16;191.7;12527.214;1199.21;2.67;4.23;5.4;7976.2
2005-01-01;2.28;191.6;12767.286;1181.41;2.86;4.22;5.3;8023.2
2005-02-01;2.5;192.4;12767.286;1199.63;3.03;4.17;5.4;8043.2
2005-03-01;2.63;193.1;12767.286;1194.9;3.3;4.5;5.2;8075.7
2005-04-01;2.79;193.7;12922.656;1164.43;3.32;4.34;5.2;8135.8
2005-05-01;3.0;193.6;12922.656;1178.28;3.33;4.14;5.1;8194.0
2005-06-01;3.04;193.7;12922.656;1202.25;3.36;4.0;5.0;8268.7
2005-07-01;3.26;194.9;13142.642;1222.24;3.64;4.18;5.0;8214.7
2005-08-01;3.5;196.1;13142.642;1224.27;3.87;4.26;4.9;8324.7
2005-09-01;3.62;198.8;13142.642;1225.92;3.85;4.2;5.0;8244.1
2005-10-01;3.78;199.1;13324.204;1191.96;4.18;4.46;5.0;8268.7
2005-11-01;4.0;198.1;13324.204;1237.37;4.33;4.54;5.0;8332.3
2005-12-01;4.16;198.1;13324.204;1262.07;4.35;4.47;4.9;8449.7
2006-01-01;4.29;199.3;13599.16;1278.73;4.45;4.42;4.7;8445.1
2006-02-01;4.49;199.4;13599.16;1276.65;4.68;4.57;4.8;8504.4
2006-03-01;4.59;199.7;13599.16;1293.74;4.77;4.72;4.7;8515.2
2006-04-01;4.79;200.7;13753.424;1302.17;4.9;4.99;4.7;8463.4
2006-05-01;4.94;201.3;13753.424;1290.01;5.0;5.11;4.6;8440.3
2006-06-01;4.99;201.8;13753.424;1253.17;5.16;5.11;4.6;8497.3
2006-07-01;5.24;202.9;13870.188;1260.24;5.22;5.09;4.7;8570.7
2006-08-01;5.25;203.8;13870.188;1287.15;5.08;4.88;4.7;8700.3
2006-09-01;5.25;202.8;13870.188;1317.74;4.97;4.72;4.5;8721.6
2006-10-01;5.25;201.9;14039.56;1363.38;5.01;4.73;4.4;8800.6
2006-11-01;5.25;202.0;14039.56;1388.64;5.01;4.6;4.5;8892.6
2006-12-01;5.24;203.1;14039.56;1416.42;4.94;4.56;4.4;8868.2
2007-01-01;5.25;203.437;14215.651;1424.16;5.06;4.76;4.6;8871.6
2007-02-01;5.26;204.226;14215.651;1444.8;5.05;4.72;4.5;9014.5
2007-03-01;5.26;205.288;14215.651;1406.95;4.92;4.56;4.4;9064.0
2007-04-01;5.25;205.904;14402.082;1463.64;4.93;4.69;4.5;9066.0
2007-05-01;5.25;206.755;14402.082;1511.14;4.91;4.75;4.4;8966.1
2007-06-01;5.25;207.234;14402.082;1514.19;4.96;5.1;4.6;8977.0
2007-07-01;5.26;207.603;14564.117;1520.71;4.96;5.0;4.7;9124.9
2007-08-01;5.02;207.667;14564.117;1454.62;4.47;4.67;4.6;9259.5
2007-09-01;4.94;208.547;14564.117;1497.12;4.14;4.52;4.7;9279.9
2007-10-01;4.76;209.19;14715.058;1539.66;4.1;4.53;4.7;9384.7
2007-11-01;4.49;210.834;14715.058;1463.39;3.5;4.15;4.7;9644.8
2007-12-01;4.24;211.445;14715.058;1479.22;3.26;4.1;5.0;9702.1
2008-01-01;3.94;212.174;14706.538;1378.76;2.71;3.74;5.0;9883.8
2008-02-01;2.98;212.687;14706.538;1354.87;2.05;3.74;4.9;10039.7
2008-03-01;2.61;213.448;14706.538;1316.94;1.54;3.51;5.1;10128.0
2008-04-01;2.28;213.942;14865.701;1370.47;1.74;3.68;5.0;9932.8
2008-05-01;1.98;215.208;14865.701;1403.22;2.06;3.88;5.4;9824.8
2008-06-01;2.0;217.463;14865.701;1341.25;2.42;4.1;5.6;9969.0
2008-07-01;2.01;219.016;14898.999;1257.33;2.28;4.01;5.8;10045.5
2008-08-01;2.0;218.69;14898.999;1281.47;2.18;3.89;6.1;10134.7
2008-09-01;1.81;218.877;14898.999;1216.95;1.91;3.69;6.1;10475.3
2008-10-01;0.97;216.995;14608.209;968.8;1.42;3.81;6.5;10904.6
2008-11-01;0.39;213.153;14608.209;883.04;1.07;3.53;6.8;11285.2
2008-12-01;0.16;211.398;14608.209;877.56;0.49;2.42;7.3;11565.9
2009-01-01;0.15;211.933;14430.902;865.58;0.44;2.52;7.8;11307.6
2009-02-01;0.22;212.705;14430.902;805.23;0.62;2.87;8.3;11484.8
2009-03-01;0.18;212.495;14430.902;757.13;0.64;2.82;8.7;11877.4
2009-04-01;0.15;212.709;14381.236;848.15;0.55;2.93;9.0;11817.0
2009-05-01;0.18;213.022;14381.236;902.41;0.5;3.29;9.4;11822.8
2009-06-01;0.21;214.79;14381.236;926.12;0.51;3.72;9.5;12003.0
2009-07-01;0.16;214.726;14448.882;935.82;0.48;3.56;9.5;12128.6
2009-08-01;0.16;215.445;14448.882;1009.73;0.46;3.59;9.6;12306.6
2009-09-01;0.15;215.861;14448.882;1044.55;0.4;3.4;9.8;12455.3
2009-10-01;0.12;216.509;14651.249;1067.66;0.37;3.39;10.0;12433.4
2009-11-01;0.12;217.234;14651.249;1088.07;0.31;3.4;9.9;12748.4
2009-12-01;0.12;217.347;14651.249;1110.38;0.37;3.59;9.9;12697.4
2010-01-01;0.11;217.488;14764.61;1123.58;0.35;3.73;9.8;12786.8
2010-02-01;0.13;217.281;14764.61;1089.16;0.35;3.69;9.8;12922.5
2010-03-01;0.16;217.353;14764.61;1152.05;0.4;3.73;9.9;13158.1
2010-04-01;0.2;217.403;14980.193;1197.32;0.45;3.85;9.9;13417.3
2010-05-01;0.2;217.29;14980.193;1125.06;0.37;3.42;9.6;13582.8
2010-06-01;0.18;217.199;14980.193;1083.36;0.32;3.2;9.4;13944.3
2010-07-01;0.18;217.605;15141.607;1079.8;0.29;3.01;9.4;14004.6
2010-08-01;0.19;217.923;15141.607;1087.28;0.26;2.7;9.5;14394.4
2010-09-01;0.19;218.275;15141.607;1122.08;0.26;2.65;9.5;14487.6
2010-10-01;0.19;219.035;15309.474;1171.58;0.23;2.54;9.4;14585.5
2010-11-01;0.19;219.59;15309.474;1198.89;0.25;2.76;9.8;14648.2
2010-12-01;0.18;220.472;15309.474;1241.53;0.29;3.29;9.3;14595.8
2011-01-01;0.17;221.187;15351.448;1282.62;0.27;3.39;9.1;14668.8
2011-02-01;0.16;221.898;15351.448;1321.12;0.29;3.58;9.0;14699.4
2011-03-01;0.14;223.046;15351.448;1304.49;0.26;3.41;9.0;14741.1
2011-04-01;0.1;224.093;15557.539;1331.51;0.25;3.46;9.1;14892.1
2011-05-01;0.09;224.806;15557.539;1338.31;0.19;3.17;9.0;15052.0
2011-06-01;0.09;224.806;15557.539;1287.29;0.18;3.0;9.1;14993.2
2011-07-01;0.07;225.395;15647.68;1325.19;0.19;3.0;9.0;15198.9
2011-08-01;0.1;226.106;15647.68;1185.31;0.11;2.3;9.0;15807.0
2011-09-01;0.08;226.597;15647.68;1173.88;0.1;1.98;9.0;16067.8
2011-10-01;0.07;226.75;15842.259;1207.22;0.11;2.15;8.8;16216.8
2011-11-01;0.08;227.169;15842.259;1226.42;0.11;2.01;8.6;16350.9
2011-12-01;0.07;227.223;15842.259;1243.32;0.12;1.98;8.5;16555.2
2012-01-01;0.08;227.842;16068.805;1300.58;0.12;1.97;8.3;16730.0
2012-02-01;0.1;228.329;16068.805;1352.49;0.16;1.97;8.3;16748.5
2012-03-01;0.13;228.807;16068.805;1389.24;0.19;2.17;8.2;16678.3
2012-04-01;0.14;229.187;16207.115;1386.43;0.18;2.05;8.2;16947.4
2012-05-01;0.16;228.713;16207.115;1341.27;0.19;1.8;8.2;17236.6
2012-06-01;0.16;228.524;16207.115;1323.48;0.19;1.62;8.2;17244.6
2012-07-01;0.16;228.59;16319.541;1359.78;0.19;1.53;8.2;17448.0
2012-08-01;0.13;229.918;16319.541;1403.45;0.18;1.68;8.1;17466.7
2012-09-01;0.14;231.015;16319.541;1443.42;0.18;1.72;7.8;17468.3
2012-10-01;0.16;231.638;16420.419;1437.82;0.18;1.75;7.8;17603.7
2012-11-01;0.16;231.249;16420.419;1394.51;0.18;1.65;7.7;17748.4
2012-12-01;0.16;231.221;16420.419;1422.29;0.16;1.72;7.9;17716.5
2013-01-01;0.14;231.679;16648.189;1480.4;0.15;1.91;8.0;17572.2
2013-02-01;0.15;232.937;16648.189;1512.31;0.16;1.98;7.7;17883.3
2013-03-01;0.14;232.282;16648.189;1550.83;0.15;1.96;7.5;17959.3
2013-04-01;0.15;231.797;16728.687;1570.7;0.12;1.76;7.6;18115.3
2013-05-01;0.11;231.893;16728.687;1639.84;0.12;1.93;7.5;17688.8
2013-06-01;0.09;232.445;16728.687;1618.77;0.14;2.3;7.5;17430.8
2013-07-01;0.09;232.9;16953.838;1668.68;0.12;2.58;7.3;17387.7
2013-08-01;0.08;233.456;16953.838;1670.09;0.13;2.74;7.2;17241.5
2013-09-01;0.08;233.544;16953.838;1687.17;0.12;2.81;7.2;17347.8
2013-10-01;0.09;233.669;17192.019;1720.03;0.12;2.62;7.2;17805.6
2013-11-01;0.08;234.1;17192.019;1783.54;0.12;2.72;6.9;17775.2
2013-12-01;0.09;234.719;17192.019;1807.78;0.13;2.9;6.7;17725.1
2014-01-01;0.07;235.288;17197.738;1822.36;0.12;2.86;6.6;17895.2
2014-02-01;0.07;235.547;17197.738;1817.04;0.12;2.71;6.7;18073.6
2014-03-01;0.08;236.028;17197.738;1863.52;0.13;2.72;6.7;18133.5
2014-04-01;0.09;236.468;17518.508;1864.26;0.11;2.71;6.2;18106.9
2014-05-01;0.09;236.918;17518.508;1889.77;0.1;2.56;6.3;18238.6
2014-06-01;0.1;237.231;17518.508;1947.09;0.1;2.6;6.1;18306.8
2014-07-01;0.09;237.498;17804.228;1973.1;0.11;2.54;6.2;18319.5
2014-08-01;0.09;237.46;17804.228;1961.53;0.11;2.42;6.1;18517.3
2014-09-01;0.09;237.477;17804.228;1993.23;0.11;2.53;5.9;18451.0
2014-10-01;0.09;237.43;17912.079;1937.27;0.1;2.3;5.7;18672.6
2014-11-01;0.09;236.983;17912.079;2044.57;0.13;2.33;5.8;18862.4
2014-12-01;0.12;236.252;17912.079;2054.27;0.21;2.21;5.6;18968.6
2015-01-01;0.11;234.747;18063.529;2028.18;0.2;1.88;5.7;19356.0
2015-02-01;0.11;235.342;18063.529;2082.2;0.22;1.98;5.5;19127.9
2015-03-01;0.11;235.976;18063.529;2079.99;0.25;2.04;5.4;19170.0
2015-04-01;0.12;236.222;18279.784;2094.86;0.23;1.94;5.4;19064.8
2015-05-01;0.12;237.001;18279.784;2111.94;0.24;2.2;5.6;18957.8
2015-06-01;0.13;237.657;18279.784;2099.29;0.28;2.36;5.3;18779.0
2015-07-01;0.13;238.034;18401.626;2094.14;0.3;2.32;5.2;18895.3
2015-08-01;0.14;238.033;18401.626;2039.87;0.38;2.17;5.1;18816.9
2015-09-01;0.14;237.498;18401.626;1944.41;0.37;2.17;5.0;18932.0
2015-10-01;0.12;237.733;18435.137;2024.81;0.26;2.07;5.0;18860.3
2015-11-01;0.12;238.017;18435.137;2080.62;0.48;2.26;5.1;19456.9
2015-12-01;0.24;237.761;18435.137;2054.08;0.65;2.24;5.0;19477.8
2016-01-01;0.34;237.652;18525.933;1918.6;0.54;2.09;4.8;19877.6
2016-02-01;0.38;237.336;18525.933;1904.42;0.53;1.78;4.9;20101.6
2016-03-01;0.36;238.08;18525.933;2021.95;0.66;1.89;5.0;20265.4
2016-04-01;0.37;238.992;18711.702;2075.54;0.56;1.81;5.1;20136.5
2016-05-01;0.37;239.557;18711.702;2065.55;0.59;1.81;4.8;20160.8
2016-06-01;0.38;240.222;18711.702;2083.89;0.55;1.64;4.9;20634.8
2016-07-01;0.39;240.101;18892.639;2148.9;0.51;1.5;4.8;20717.1
2016-08-01;0.4;240.545;18892.639;2170.95;0.57;1.56;4.9;20647.7
2016-09-01;0.4;241.176;18892.639;2157.69;0.59;1.63;5.0;20691.4
2016-10-01;0.4;241.741;19089.379;2143.02;0.66;1.76;4.9;20721.1
2016-11-01;0.41;242.026;19089.379;2164.99;0.74;2.14;4.7;20394.1
2016-12-01;0.54;242.637;19089.379;2246.63;0.87;2.49;4.7;20380.8
2017-01-01;0.65;243.618;19280.084;2275.12;0.83;2.43;4.7;20361.7
2017-02-01;0.66;244.006;19280.084;2329.91;0.82;2.42;4.6;20403.5
2017-03-01;0.79;243.892;19280.084;2366.82;1.01;2.48;4.4;20279.1
2017-04-01;0.9;244.193;19438.643;2359.31;1.04;2.3;4.4;20348.1
2017-05-01;0.91;244.004;19438.643;2395.35;1.12;2.3;4.4;20398.9
2017-06-01;1.04;244.163;19438.643;2433.99;1.2;2.19;4.3;20328.7
2017-07-01;1.15;244.243;19692.595;2454.1;1.22;2.32;4.3;20325.0
2017-08-01;1.16;245.183;19692.595;2456.22;1.23;2.21;4.4;20473.5
2017-09-01;1.15;246.435;19692.595;2492.84;1.28;2.2;4.3;20715.0
2017-10-01;1.15;246.626;20037.088;2557.0;1.4;2.36;4.2;20867.3
2017-11-01;1.16;247.284;20037.088;2593.61;1.56;2.35;4.2;20969.4
2017-12-01;1.3;247.805;20037.088;2664.34;1.7;2.4;4.1;20904.4
2018-01-01;1.41;248.859;20328.553;2789.8;1.8;2.58;4.0;20673.2
2018-02-01;1.42;249.529;20328.553;2705.16;1.96;2.86;4.1;20875.2
2018-03-01;1.51;249.577;20328.553;2702.77;2.06;2.84;4.0;21216.0
2018-04-01;1.69;250.227;20580.912;2653.63;2.15;2.87;4.0;21024.2
2018-05-01;1.7;250.792;20580.912;2701.49;2.27;2.98;3.8;21182.2
2018-06-01;1.82;251.018;20580.912;2754.35;2.33;2.91;4.0;21238.4
2018-07-01;1.91;251.214;20798.73;2793.64;2.39;2.89;3.8;21255.6
2018-08-01;1.91;251.663;20798.73;2857.82;2.45;2.89;3.8;21480.7
2018-09-01;1.95;252.182;20798.73;2901.5;2.56;3.0;3.7;21353.1
2018-10-01;2.19;252.772;20917.867;2785.46;2.65;3.15;3.8;21419.9
2018-11-01;2.2;252.594;20917.867;2723.23;2.7;3.12;3.8;21683.9
2018-12-01;2.27;252.767;20917.867;2567.31;2.66;2.83;3.9;22075.2
2019-01-01;2.4;252.718;21104.133;2607.39;2.58;2.71;4.0;22160.0
2019-02-01;2.4;253.322;21104.133;2754.86;2.55;2.68;3.8;22221.4
2019-03-01;2.41;254.202;21104.133;2803.98;2.49;2.57;3.8;22425.2
2019-04-01;2.42;255.211;21384.775;2903.8;2.42;2.53;3.6;22346.6
2019-05-01;2.39;255.29;21384.775;2854.71;2.34;2.4;3.7;22700.3
2019-06-01;2.38;255.159;21384.775;2890.17;2.0;2.07;3.6;22805.1
2019-07-01;2.4;255.685;21694.282;2996.11;1.96;2.06;3.7;22766.5
2019-08-01;2.13;256.059;21694.282;2897.5;1.77;1.63;3.7;23773.1
2019-09-01;2.04;256.511;21694.282;2982.16;1.8;1.7;3.5;23825.8
2019-10-01;1.83;257.244;21902.39;2977.68;1.61;1.71;3.6;24087.0
2019-11-01;1.55;257.803;21902.39;3104.9;1.57;1.81;3.6;24081.4
2019-12-01;1.55;258.616;21902.39;3176.75;1.55;1.86;3.6;24069.1
2020-01-01;1.55;259.037;21706.513;3278.2;1.53;1.76;3.5;24535.1
2020-02-01;1.58;259.248;21706.513;3277.31;1.41;1.5;3.5;25136.5
2020-03-01;0.65;258.124;21706.513;2652.39;0.33;0.87;4.4;25887.4
2020-04-01;0.05;256.092;19913.143;2761.98;0.18;0.66;14.7;27198.4
2020-05-01;0.05;255.868;19913.143;2919.61;0.16;0.67;13.2;27919.7
2020-06-01;0.08;256.986;19913.143;3104.66;0.18;0.73;11.0;28646.5
2020-07-01;0.09;258.278;21647.64;3207.62;0.15;0.62;10.2;28923.7
2020-08-01;0.1;259.411;21647.64;3391.71;0.13;0.65;8.4;28872.7
2020-09-01;0.09;260.029;21647.64;3365.52;0.13;0.68;7.9;29077.8
2020-10-01;0.09;260.286;22024.502;3418.7;0.13;0.79;6.9;29044.9
2020-11-01;0.09;260.813;22024.502;3548.99;0.12;0.87;6.7;29424.8
2020-12-01;0.09;262.035;22024.502;3695.31;0.1;0.93;6.7;29655.1
2021-01-01;0.09;262.65;22600.185;3793.75;0.1;1.08;6.3;29514.0
2021-02-01;0.08;263.638;22600.185;3883.43;0.07;1.26;6.2;29159.0
2021-03-01;0.07;264.914;22600.185;3910.51;0.08;1.61;6.1;29066.1
2021-04-01;0.07;266.67;23292.362;4141.18;0.06;1.64;6.1;29233.5
2021-05-01;0.06;268.444;23292.362;4167.85;0.05;1.62;5.8;29292.2
2021-06-01;0.08;270.559;23292.362;4238.49;0.07;1.52;5.9;29722.7
2021-07-01;0.1;271.764;23828.973;4363.71;0.08;1.32;5.4;29933.1
2021-08-01;0.09;272.87;23828.973;4454.21;0.07;1.28;5.2;29811.2
2021-09-01;0.08;274.028;23828.973;4445.54;0.08;1.37;4.8;29595.5
2021-10-01;0.08;276.522;24654.603;4460.71;0.11;1.58;4.5;30048.2
2021-11-01;0.08;278.711;24654.603;4667.39;0.18;1.56;4.2;30147.9
2021-12-01;0.08;280.887;24654.603;4674.77;0.3;1.47;3.9;30718.8
2022-01-01;0.08;282.599;25029.116;4573.82;0.55;1.76;4.0;30648.6
2022-02-01;0.08;284.61;25029.116;4435.98;1.0;1.93;3.8;30781.6
2022-03-01;0.2;287.472;25029.116;4391.27;1.34;2.13;3.6;30167.3
2022-04-01;0.33;288.611;25544.273;4391.3;1.89;2.75;3.6;29364.9
2022-05-01;0.77;291.268;25544.273;4040.36;2.06;2.9;3.6;29479.9
2022-06-01;1.21;294.728;25544.273;3898.95;2.65;3.14;3.6;29217.6
2022-07-01;1.68;294.628;25994.639;3911.73;3.02;2.9;3.5;29623.7
2022-08-01;2.33;295.32;25994.639;4158.56;3.28;2.9;3.7;29294.6
2022-09-01;2.56;296.539;25994.639;3850.52;3.89;3.52;3.5;28432.8
2022-10-01;3.08;297.987;26408.405;3726.05;4.43;3.98;3.7;28464.0
2022-11-01;3.78;298.598;26408.405;3917.49;4.73;3.89;3.6;29192.6
2022-12-01;4.1;298.99;26408.405;3912.38;4.68;3.62;3.5;28944.8
2023-01-01;4.33;300.536;26813.601;3960.66;4.69;3.53;3.4;29508.8
2023-02-01;4.57;301.648;26813.601;4079.68;4.93;3.75;3.6;29023.4
2023-03-01;4.65;301.808;26813.601;3968.56;4.68;3.66;3.5;29613.8
2023-04-01;4.83;302.918;27063.012;4121.47;4.68;3.46;3.4;29639.7
2023-05-01;5.06;303.294;27063.012;4146.17;4.91;3.57;3.7;29302.2
2023-06-01;5.08;303.841;27063.012;4345.37;5.24;3.75;3.6;29957.7
2023-07-01;5.12;304.348;27063.012;4508.08;5.37;3.9;3.5;30146.4
2023-08-01;5.33;306.269;27063.012;4457.36;5.37;4.17;3.8;30321.8
2023-09-01;5.33;307.481;27063.012;4409.1;5.44;4.38;3.8;30084.9
